500
135 109 2
26 108
35 44
133 76
268 125 2
95 43
133 87
178 56
191 3 2
48 3
12 2
154 2
4 4 2
1 1
1 2
2 3
69 289 2
20 232
64 80
40 99
9 281 2
3 184
8 240
3 278
3 3 2
1 1
1 3
3 1
23 3 2
3 2
8 3
21 2
6 178 2
3 42
2 18
2 26
277 153 2
84 34
91 93
251 14
206 45 1
145 16
76 3
3 3 2
2 1
2 2
3 3
236 237 2
120 68
149 127
232 6
3 97 2
1 67
3 9
2 27
235 92 2
227 77
191 90
95 11
3 23 2
2 7
2 2
3 9
3 3 2
3 1
3 2
2 3
4 4 2
2 1
4 1
2 2
3 296 2
1 145
1 287
1 100
199 288 2
190 109
125 55
178 116
4 4 2
4 3
1 3
2 3
4 4 2
2 3
2 2
4 1
241 3 2
24 1
88 3
194 2
257 294 2
117 290
188 102
74 103
126 3 2
47 1
42 3
62 3
248 275 2
86 128
145 122
16 19
3 10 2
2 10
1 9
3 9
3 3 2
2 3
1 1
2 2
3 3 2
1 3
2 3
3 1
4 3 2
1 2
4 2
1 3
290 279 2
170 194
45 3
137 190
118 130 2
88 129
45 16
63 94
3 3 2
3 2
1 1
2 3
228 109 2
106 51
114 80
153 61
50 139 2
44 45
6 120
5 60
3 193 2
1 69
1 37
3 181
13 4 2
13 1
4 2
10 1
22 3 2
15 2
22 2
19 3
196 284 2
166 92
88 177
39 240
4 3 2
3 3
4 1
4 3
228 74 2
165 60
155 6
100 47
3 53 2
1 31
2 42
1 23
3 4 2
1 4
3 2
2 3
3 33 2
3 7
1 18
2 29
298 35 2
61 20
83 34
66 34
4 4 2
3 1
2 4
4 2
68 268 2
55 11
41 165
3 94
3 3 2
1 1
2 2
1 2
285 188 2
37 170
182 88
284 169
43 22 2
28 12
12 20
35 16
32 252 2
18 25
26 35
20 25
296 231 2
220 166
98 17
194 46
176 3 2
159 3
79 3
42 3
3 4 2
1 4
1 3
3 4
3 3 2
3 1
3 3
2 1
69 68 2
9 23
26 16
9 44
231 3 2
50 3
212 2
116 3
3 4 2
2 4
1 2
3 3
15 14 2
4 3
2 8
13 9
4 4 2
1 2
3 1
4 3
99 3 2
18 3
75 1
20 2
3 3 2
1 3
3 2
1 1
3 102 2
2 75
3 32
1 100
3 3 2
3 1
2 3
1 1
3 3 2
1 2
3 1
3 2
56 121 2
13 109
41 54
39 95
252 169 2
248 79
134 133
158 63
3 4 2
3 2
1 2
2 2
264 242 2
93 189
161 12
189 41
19 55 2
10 5
7 31
14 4
33 3 2
10 2
10 1
9 3
221 21 2
177 11
83 19
210 18
4 4 2
4 2
3 3
4 1
4 3 2
3 1
1 1
3 3
3 3 2
1 1
2 3
2 1
4 4 2
2 3
3 4
4 2
4 4 2
1 2
1 3
1 4
104 3 2
47 1
64 2
79 1
4 4 2
1 1
4 4
2 2
3 256 2
3 162
3 208
2 250
4 3 2
1 2
3 2
1 1
4 3 2
1 2
4 1
2 1
3 3 2
1 2
2 3
2 1
284 3 2
264 1
245 2
217 1
4 4 2
2 2
3 1
4 4
3 3 2
3 1
2 3
1 2
3 120 2
1 3
2 12
1 34
3 3 2
1 1
3 1
1 2
3 3 2
3 2
1 3
2 2
149 123 2
16 106
78 24
139 123
3 267 2
2 189
3 88
3 150
147 3 2
15 2
38 3
120 1
3 3 2
1 3
2 2
1 1
226 61 2
118 38
84 50
213 36
168 256 1
128 37
127 29
4 4 2
3 2
3 4
1 3
214 283 2
164 172
64 221
191 274
4 4 2
1 2
4 3
2 1
3 187 2
2 63
1 22
2 78
68 37 2
26 6
48 36
37 30
300 187 2
288 42
78 11
107 58
158 34 2
135 16
61 7
66 11
241 3 2
6 2
229 3
155 3
63 165 2
45 1
26 71
34 83
4 4 2
4 2
4 4
2 4
136 3 2
125 1
21 3
52 2
208 82 2
20 73
117 23
135 48
4 3 2
4 3
1 3
2 3
3 3 2
1 3
2 3
2 2
3 3 2
1 1
2 1
3 2
4 3 2
2 1
3 1
2 2
4 4 2
4 3
3 3
3 1
67 25 2
32 10
66 3
21 18
3 3 1
1 1
2 2
3 3 2
3 1
1 2
2 2
4 3 2
2 1
1 3
2 2
20 3 2
4 1
17 2
8 2
269 210 2
151 109
24 98
149 208
186 79 2
113 15
33 41
63 12
178 262 2
119 172
65 183
24 182
75 212 2
29 10
7 63
14 54
64 245 2
5 28
17 9
22 240
190 159 2
137 157
18 145
151 94
3 3 2
3 1
2 1
3 2
24 34 2
8 26
19 6
16 18
3 20 2
3 18
1 11
1 5
171 234 2
58 26
69 153
83 50
3 3 2
3 1
3 3
1 2
3 3 2
3 3
2 2
1 2
3 3 2
3 3
3 1
1 3
25 65 2
5 10
6 16
7 9
4 4 2
1 1
3 4
4 4
3 39 2
2 13
2 24
1 13
3 3 2
3 2
2 2
2 1
254 32 2
29 17
40 5
204 24
3 3 2
1 1
3 3
2 2
3 3 2
1 1
3 3
1 3
4 3 2
4 2
3 3
2 3
168 242 2
55 111
70 57
22 187
299 3 2
9 2
217 2
138 2
113 3 2
31 1
42 2
91 2
4 3 2
4 1
4 3
3 3
111 203 2
92 37
59 48
38 20
227 3 2
138 3
72 2
86 3
3 3 2
2 1
1 3
2 3
175 279 2
159 114
35 73
161 5
4 4 2
4 3
2 3
2 1
3 3 2
1 3
3 2
2 1
3 3 2
2 1
2 2
3 1
4 3 2
4 3
1 3
3 3
70 14 2
14 10
66 14
27 10
22 55 2
10 6
1 5
20 21
291 177 2
259 154
268 97
265 113
72 57 2
22 37
3 36
8 13
3 3 2
2 3
1 1
2 1
71 87 2
36 44
1 87
71 1
163 247 2
54 21
30 203
133 149
205 92 2
15 24
147 36
46 61
4 4 2
3 2
4 1
1 3
3 3 2
2 1
1 1
1 3
3 292 2
2 41
3 147
1 95
285 209 2
182 20
125 50
228 189
4 3 2
2 2
2 3
3 2
267 136 2
100 69
55 84
242 32
176 18 2
101 16
3 15
45 14
3 3 2
2 2
1 3
1 1
3 3 2
2 1
1 3
2 3
3 3 2
3 3
1 3
1 2
223 130 2
95 101
196 15
9 117
3 3 2
3 1
3 2
2 2
67 25 2
32 10
66 3
21 18
298 116 2
20 54
42 64
181 36
3 191 2
3 184
2 46
1 113
198 3 2
7 1
50 1
103 1
3 25 2
2 23
3 20
2 14
3 3 2
2 2
1 3
1 1
101 3 2
33 3
15 3
23 1
243 3 2
178 2
212 3
233 3
3 3 2
1 1
2 1
2 2
168 157 2
27 14
154 68
46 114
55 53 2
48 42
39 31
29 10
247 215 2
237 91
116 144
227 133
81 124 2
25 109
69 65
53 101
4 4 2
3 2
3 1
4 2
111 31 2
65 15
35 4
107 5
3 3 2
1 3
2 3
3 1
3 90 2
2 32
3 52
3 31
4 4 2
4 4
1 1
3 3
168 21 2
163 10
97 9
138 21
300 300 2
1 1
1 3
3 1
4 3 2
4 3
2 3
1 2
3 4 2
1 2
1 3
3 4
173 44 2
143 12
80 26
129 22
58 3 2
6 1
16 3
38 2
4 4 2
1 3
4 4
2 4
3 3 2
3 3
2 1
2 2
244 3 2
220 2
182 2
60 1
4 4 2
3 3
2 4
2 2
3 21 2
1 1
1 14
3 11
158 3 2
157 1
149 2
34 2
3 3 2
1 3
2 2
1 1
4 3 2
3 1
3 3
4 1
111 3 2
6 1
2 1
33 2
3 132 2
3 96
3 13
3 87
4 4 2
3 2
4 2
2 2
16 294 2
12 204
9 44
16 181
4 4 2
1 2
4 1
3 4
3 266 2
2 75
1 35
3 102
32 233 2
20 29
4 47
23 28
4 4 2
2 2
4 2
2 3
47 3 2
46 3
2 3
36 2
201 177 2
45 174
72 46
197 86
188 227 2
88 218
74 176
70 79
138 112 2
36 65
32 20
91 99
3 3 2
3 2
1 3
1 1
7 7 2
4 4
1 7
2 7
3 276 2
2 25
3 99
3 19
88 83 2
66 62
69 43
25 57
3 3 2
2 3
2 2
1 2
3 3 2
2 2
3 2
2 3
4 4 2
1 2
4 3
2 2
3 4 2
3 2
2 4
1 3
258 3 2
163 3
211 2
191 3
269 3 2
68 3
28 3
76 3
156 123 2
16 34
19 59
132 118
186 263 2
90 115
175 74
38 165
3 3 2
1 2
2 3
2 2
3 3 2
2 2
3 3
1 3
295 60 2
291 38
163 29
94 13
154 261 2
94 84
21 55
116 213
141 267 2
131 38
1 215
3 95
160 77 2
156 58
106 65
56 49
291 211 2
208 67
155 167
81 199
268 259 2
204 3
6 162
234 122
3 173 2
3 22
2 139
2 87
3 34 2
1 8
2 22
3 16
153 285 2
10 36
90 263
121 210
3 3 2
3 3
2 2
2 3
283 266 2
174 51
62 73
178 251
3 3 2
1 3
3 1
1 1
4 4 2
1 3
3 2
3 4
148 195 2
18 127
16 35
77 189
72 300 2
38 228
56 46
44 66
3 3 2
2 2
2 3
1 3
4 3 2
4 2
1 1
4 3
4 3 2
4 1
3 2
1 1
3 3 2
2 2
2 3
1 2
161 74 2
130 30
80 12
70 47
75 44 2
33 40
47 7
46 22
3 4 2
2 1
2 2
1 2
3 106 2
3 61
1 89
1 15
144 3 2
89 3
100 3
129 1
4 4 2
2 3
2 4
4 3
3 4 2
2 3
2 1
2 2
20 272 2
7 12
12 50
20 140
142 5 2
126 5
29 1
49 2
3 3 2
2 3
1 1
2 1
3 4 2
2 2
3 4
1 4
180 96 2
108 61
35 16
78 14
4 3 2
1 1
4 3
4 1
4 4 2
1 1
2 1
4 1
156 129 1
130 26
151 5
3 3 2
1 3
3 3
2 2
102 132 2
28 61
83 80
65 27
4 4 2
4 4
2 2
4 2
252 3 2
44 1
231 1
8 2
4 3 2
4 1
3 3
2 3
3 3 2
3 3
3 2
1 1
166 168 2
32 44
25 139
27 129
3 295 2
2 275
3 128
2 162
4 3 2
4 2
3 3
3 2
3 3 2
3 2
2 3
1 1
3 3 2
1 2
2 3
1 3
135 219 2
82 197
62 100
7 29
3 3 2
3 3
2 1
2 2
230 97 2
217 17
59 27
124 80
110 28 2
95 24
49 12
66 10
4 4 2
4 2
2 3
2 4
3 4 2
3 1
1 3
2 1
8 8 2
8 1
8 8
1 1
22 281 2
14 149
8 153
12 139
208 273 2
115 100
153 250
187 251
168 75 2
47 3
20 35
4 10
3 4 2
1 1
3 3
2 1
4 4 2
1 3
3 2
2 4
226 3 2
23 1
182 1
6 2
190 195 2
71 146
82 8
37 161
94 26 2
29 21
61 19
22 19
4 4 2
4 2
1 4
4 3
298 3 2
101 2
276 1
259 1
245 3 2
69 2
231 2
54 2
3 3 2
3 2
1 1
2 2
4 3 2
3 2
3 3
1 1
288 245 2
29 32
40 242
277 93
223 3 2
223 2
154 3
99 3
166 198 2
8 139
139 75
142 134
109 3 2
37 3
79 1
96 1
3 3 2
2 3
2 2
3 3
3 3 2
3 3
3 2
2 2
254 19 2
49 19
145 12
93 2
3 3 2
3 2
3 1
2 1
225 16 2
93 10
34 5
146 5
3 3 2
1 2
3 2
2 3
3 3 2
2 1
3 3
1 1
3 98 2
1 12
2 2
1 81
3 3 2
2 3
1 3
3 2
59 4 2
50 4
22 2
18 2
4 271 2
2 236
3 168
3 89
3 3 2
3 2
3 1
1 3
296 63 2
5 30
78 47
40 32
4 3 2
2 3
2 2
2 1
31 224 2
27 151
13 176
31 74
217 9 2
213 5
194 9
114 4
3 5 2
1 1
3 2
3 1
3 3 2
3 2
2 3
1 3
3 3 2
1 1
3 3
1 3
12 42 2
9 6
8 24
11 36
3 3 2
1 1
2 2
3 3
4 3 2
4 2
1 1
2 1
225 143 2
130 66
57 15
71 34
4 3 2
3 2
4 3
1 2
4 3 2
4 2
1 1
3 1
3 3 2
2 3
3 2
3 3
46 3 2
5 2
39 3
20 1
4 4 2
4 2
2 1
1 2
4 4 2
1 3
1 4
4 1
3 3 2
1 1
1 3
3 1
48 230 2
5 227
26 141
6 110
132 93 2
29 26
26 90
24 70
37 25 2
37 17
36 18
29 4
204 268 1
4 197
14 18
4 4 2
1 4
1 3
3 1
9 238 2
8 156
5 230
4 8
3 4 2
2 3
3 2
3 1
117 3 2
79 2
60 3
18 3
208 41 2
30 4
106 21
112 25
3 294 2
2 139
2 81
2 220
3 37 2
3 29
3 35
3 4
205 107 2
90 3
195 13
80 103
259 179 2
141 162
185 106
101 127
3 3 2
2 2
3 1
1 2
3 3 2
1 3
1 2
1 1
215 67 2
71 56
95 55
88 21
6 105 2
2 33
1 20
3 80
225 249 2
178 100
129 202
130 184
281 3 2
104 3
271 3
40 3
4 4 2
1 4
4 4
2 2
4 4 2
1 2
4 4
3 1
3 3 2
2 3
3 1
1 2
4 4 2
4 4
3 2
3 3
62 258 2
60 64
22 227
16 135
3 3 2
1 1
2 2
1 2
198 3 2
55 1
177 2
71 1
3 294 2
2 133
2 29
2 136
139 279 2
22 167
128 80
56 190
276 3 2
246 1
145 2
41 3
226 209 2
148 7
177 8
222 185
3 3 1
1 1
2 2
273 291 2
61 163
120 29
231 45
3 82 2
1 80
2 68
2 54
222 107 2
187 74
94 24
176 107
180 3 2
42 3
180 2
88 2
3 3 2
2 3
3 3
1 3
19 3 2
10 2
1 1
2 2
4 4 2
1 3
1 1
2 1
180 18 2
129 10
176 10
67 17
134 195 2
95 91
74 21
55 111
255 169 2
111 108
64 66
196 151
3 3 2
3 3
3 1
3 2
3 95 2
2 67
3 88
1 13
4 4 2
2 4
4 1
4 3
17 3 2
11 2
17 3
13 3
3 3 2
3 2
3 3
1 3
3 4 2
3 1
3 4
2 2
116 180 2
88 84
50 38
29 131
114 3 2
14 2
40 3
37 1
3 3 2
2 3
2 2
2 1
242 173 2
210 29
94 76
144 64
4 4 2
3 3
2 2
1 4
149 7 2
41 2
121 7
117 1
296 79 2
158 66
257 62
100 19
224 213 2
48 133
146 139
57 84
4 3 2
4 3
3 1
4 1
294 106 2
251 56
19 44
248 28
32 3 2
3 3
8 2
9 1
4 4 2
1 4
1 2
3 4
3 3 2
1 2
2 1
3 1
3 3 2
3 1
2 3
3 3
3 4 2
2 2
1 1
1 3
3 10 2
2 10
1 9
3 9
269 137 2
56 102
67 65
73 79
4 4 2
3 4
2 1
3 1
3 3 2
3 2
1 2
2 3
3 3 2
1 3
3 2
1 2
50 3 2
18 1
4 3
15 3
4 3 2
4 3
1 1
3 1
3 3 2
1 3
2 1
3 3
97 122 2
60 45
21 37
11 46
297 3 2
153 2
222 3
27 1
255 81 2
74 12
4 67
27 50
3 274 2
3 150
2 241
3 253
3 3 2
3 1
3 2
1 2
180 3 2
75 3
1 3
112 2
4 3 2
2 1
4 3
3 1
148 210 2
16 80
70 65
148 159
197 240 2
33 66
45 42
22 50
283 210 2
173 59
184 92
59 109
4 4 2
4 2
2 1
3 4
3 3 2
2 1
2 2
3 2
3 3 2
3 2
2 3
2 2
8 8 2
8 1
8 8
1 1
41 3 2
24 1
36 1
21 1
145 289 2
43 39
50 258
107 247
275 150 2
111 10
185 22
90 142
180 160 2
76 144
177 64
151 55
184 238 2
179 45
137 177
183 9
3 261 2
2 207
1 163
1 220
90 125 2
31 64
79 107
63 117
257 193 2
70 126
143 140
136 51
44 170 2
9 42
25 61
42 46
4 4 2
3 2
2 1
2 2
3 3 2
1 1
3 1
2 2
3 3 2
1 1
2 1
3 1
3 3 2
2 2
1 2
1 3
4 4 2
3 3
2 4
1 4
253 99 2
114 90
210 26
246 65
239 96 2
163 43
97 71
186 81
3 3 2
3 2
1 1
3 3
19 3 2
4 3
18 3
18 1
267 141 2
37 110
151 96
107 43
71 87 2
36 44
1 87
71 1
300 5 2
2 3
15 2
300 5
300 300 2
1 1
1 2
2 1
3 3 2
1 3
2 3
3 2
260 248 2
212 121
112 198
193 141
3 93 2
2 9
1 51
2 53
3 130 2
2 1
2 91
2 8
97 274 2
70 76
62 269
85 57
94 3 2
35 3
42 1
69 2
4 4 2
1 4
4 4
2 2
82 3 2
20 3
51 3
16 3
19 62 2
15 61
14 52
10 32
3 4 2
3 4
1 2
2 2
4 3 2
2 1
3 2
4 3
214 47 2
141 22
72 2
209 8
3 13 2
2 11
3 7
3 8
3 3 2
1 2
3 3
3 2
162 87 2
139 87
38 27
130 10
3 159 2
1 116
2 89
2 101
196 103 2
55 12
31 70
68 53
3 4 2
3 1
2 1
1 3
74 3 2
3 1
62 2
27 3
3 3 2
3 2
2 2
1 1
152 125 2
142 29
107 118
124 64
233 115 2
229 36
199 97
2 25
3 120 2
3 114
2 58
3 26
148 199 2
30 56
59 187
33 149
184 165 2
72 28
31 70
63 156
3 3 2
2 1
1 3
3 1
3 95 2
1 71
1 53
1 77
48 235 2
6 96
44 101
41 208
4 4 2
2 3
2 4
2 1
53 220 2
34 30
38 1
3 7
230 263 2
123 171
209 96
155 221
3 3 2
3 2
1 2
2 1
3 3 2
3 2
1 1
2 1
166 179 2
10 48
21 162
151 116
3 3 2
1 1
2 1
3 3
3 3 2
3 1
2 3
1 3
3 3 2
2 3
2 2
1 1
4 4 2
4 1
4 4
2 1
160 149 2
75 15
76 149
22 8
4 4 2
3 4
1 3
3 2
3 3 2
3 1
2 1
1 1
100 197 2
9 189
63 138
11 143
296 3 2
88 1
237 1
65 2
228 3 2
65 2
112 2
207 3
101 3 2
7 2
58 1
16 3
186 253 1
25 75
130 15
214 3 2
101 2
68 3
85 2
7 299 2
7 192
4 16
3 163
3 3 2
3 2
2 1
3 1
3 3 2
3 1
1 3
2 1
250 169 2
74 30
35 60
115 56
4 3 2
2 3
2 1
2 2
3 4 2
1 4
3 4
3 1
268 3 2
251 2
170 2
158 3
4 3 2
1 2
3 2
3 3
55 4 2
27 3
37 4
35 2
40 161 2
4 99
7 151
3 24
3 23 2
2 20
2 21
1 2
276 3 2
161 3
177 2
89 2
3 4 2
3 4
2 1
3 3
4 3 2
4 2
1 1
3 2
3 276 2
2 102
2 208
2 128
3 257 2
1 233
1 11
1 17
3 162 2
3 143
3 76
3 47
3 3 2
3 2
1 2
3 3
4 3 2
4 1
3 2
4 3
300 5 2
2 3
15 2
300 5
