100
33 105
33 20 13
4 2 13
4 14 13
25 27 27
20 31 20
15 8 13
24 17 13
8 11 13
1 32 7
2 10 13
7 10 13
16 11 13
32 15 13
31 7 18
7 22 20
21 5 13
15 1 13
14 24 13
15 1 13
15 27 13
12 26 13
3 26 13
11 7 18
28 25 13
6 29 13
15 11 13
21 7 13
8 25 13
26 27 27
32 10 13
21 25 13
9 6 13
13 4 13
6 21 13
26 28 13
3 2 13
32 13 13
26 21 13
15 13 13
9 32 18
29 16 13
24 23 20
2 23 13
28 4 13
19 12 18
3 31 20
14 28 13
23 26 13
27 31 13
19 24 20
8 29 13
28 27 13
2 19 13
13 30 13
2 28 13
24 28 13
5 28 13
32 33 13
19 3 20
31 1 18
14 20 13
19 10 13
18 16 13
15 19 13
7 6 13
21 3 13
14 30 13
31 4 13
32 21 13
7 25 13
26 4 13
17 30 13
18 17 9
1 6 13
28 19 13
14 5 13
28 11 13
18 26 13
21 12 13
29 22 20
23 19 20
3 24 20
31 19 18
4 20 13
7 3 20
15 17 13
4 27 13
16 3 13
19 4 13
13 25 13
16 17 13
18 9 18
33 21 13
9 1 18
19 32 18
32 5 13
15 14 14
24 33 13
22 29 20
28 32 13
29 22 20
27 28 13
31 11 18
24 3 20
14 33 13
31 63
7 17 20
5 26 3
18 5 17
10 12 3
17 15 15
19 26 3
2 1 2
22 30 26
8 16 15
3 6 3
16 3 3
8 10 10
3 31 3
8 29 3
9 13 13
11 4 20
8 28 15
30 4 3
11 4 20
24 5 17
9 28 15
25 27 30
2 31 3
1 11 20
7 21 3
22 3 3
27 5 3
9 18 17
11 10 15
24 12 3
31 3 3
26 27 26
11 23 20
31 4 3
17 22 3
4 7 20
12 25 3
8 5 15
16 4 20
14 22 3
5 12 3
27 17 3
17 25 3
25 28 3
3 17 3
13 26 3
14 28 15
17 29 3
4 5 20
22 9 3
29 25 25
27 2 3
25 14 3
11 28 15
4 15 20
6 19 3
23 31 3
10 24 15
7 14 20
28 31 3
5 22 3
31 8 3
29 1 3
60 120
58 19 43
1 31 43
11 23 30
23 25 30
13 30 30
22 50 43
26 56 43
15 51 30
22 47 43
57 55 30
60 15 43
1 21 43
22 4 43
60 41 43
27 8 43
1 31 43
45 50 30
26 25 20
45 19 35
11 37 30
51 12 20
45 57 30
20 53 43
14 25 30
26 36 30
31 24 43
48 11 30
60 22 43
33 25 43
60 54 43
3 1 43
23 21 30
53 21 43
9 17 43
55 7 43
54 43 43
38 43 43
6 29 30
39 35 30
40 32 35
2 9 43
4 23 30
49 60 43
34 37 30
48 42 34
42 14 34
20 39 30
8 34 34
2 28 43
43 48 43
2 44 43
4 35 30
18 2 43
37 60 43
38 45 30
44 50 30
3 2 43
43 28 43
14 9 43
39 38 34
16 11 30
27 44 43
9 40 43
44 45 30
47 15 30
56 16 43
49 37 30
4 50 30
46 29 43
55 1 43
37 22 43
23 26 30
53 47 43
57 39 34
36 17 43
54 18 30
25 16 30
42 48 34
11 38 30
10 54 43
17 54 43
19 42 30
53 30 43
3 46 3
28 5 43
52 51 30
56 14 43
8 28 43
40 55 30
17 34 43
38 43 43
47 20 20
13 28 43
18 1 43
32 8 30
53 17 43
13 24 43
27 57 43
55 21 30
29 21 34
40 60 43
45 5 30
58 27 27
32 38 30
33 32 43
37 16 30
39 14 34
3 16 30
23 21 30
50 16 30
3 48 30
22 19 43
52 34 30
2 4 43
24 35 43
38 52 30
31 53 43
24 14 43
29 2 43
58 8 43
31 32
2 1 9
10 19 9
20 7 5
18 8 19
12 25 9
2 25 20
30 2 2
28 16 5
13 19 19
21 4 5
7 9 9
20 9 9
21 27 9
21 7 5
30 6 9
5 1 9
6 2 9
17 27 9
2 6 9
1 3 3
9 24 9
17 10 5
7 12 9
1 26 9
24 11 5
9 7 9
29 5 5
20 15 20
8 1 19
7 4 5
14 26 9
31 3 9
3 3
1 2 2
2 3 3
3 1 1
49 37
22 7 27
23 17 27
31 26 27
35 5 15
14 7 27
11 24 27
31 18 27
18 5 27
43 4 27
9 20 27
43 22 26
38 14 27
11 5 27
46 42 10
12 27 27
48 29 27
2 22 27
12 18 10
39 29 26
9 20 27
4 21 10
38 28 26
23 29 26
26 22 26
15 6 26
19 47 27
15 45 26
44 45 27
42 34 10
31 24 27
23 32 26
28 38 26
16 13 26
9 3 27
27 42 27
23 47 27
20 26 27
14 12
12 11 11
2 1 2
8 12 11
3 7 11
9 11 11
6 1 2
8 2 11
10 2 10
1 6 2
12 2 10
9 8 11
9 14 10
10 95
3 6 9
9 10 10
10 3 10
5 9 10
7 8 8
4 6 10
2 6 8
8 6 8
3 4 10
10 4 10
7 1 8
4 10 10
10 9 10
3 8 8
1 6 8
6 1 8
6 1 8
3 5 10
4 7 7
3 4 10
7 4 7
1 4 8
6 4 10
10 6 10
4 2 10
1 10 8
3 7 10
1 9 8
3 2 10
6 5 5
8 3 8
3 5 10
3 6 10
6 5 5
4 10 10
3 4 10
6 5 5
9 10 10
6 1 8
1 5 8
5 8 8
10 7 10
9 5 10
9 10 10
3 4 10
3 6 10
4 8 8
3 7 10
7 3 10
9 2 10
5 9 10
7 3 10
3 7 10
9 1 8
6 4 10
6 3 10
1 2 8
6 2 10
5 10 10
7 1 8
2 3 10
4 3 10
1 5 8
4 5 10
10 7 10
7 5 10
6 3 10
1 3 8
3 7 10
2 10 10
6 5 5
10 2 10
9 4 10
4 7 7
3 6 10
9 8 8
5 1 8
8 6 8
8 10 8
2 6 10
8 2 8
8 3 8
1 4 8
9 8 8
7 3 10
10 5 10
6 8 8
9 1 8
8 9 8
10 6 10
1 10 8
8 2 8
9 7 10
5 9 10
8 6 8
32 98
18 1 2
14 5 2
18 27 26
13 1 2
30 9 2
15 17 15
9 12 2
23 29 2
1 32 5
23 17 2
28 4 2
13 18 2
16 22 2
17 25 2
29 6 2
26 2 26
20 18 19
3 16 16
30 14 14
25 13 2
23 1 2
13 20 15
30 13 2
23 1 2
3 10 2
32 27 26
2 9 20
22 29 2
6 32 2
1 18 2
28 26 32
32 14 29
2 7 2
26 7 26
15 2 15
7 10 2
12 7 2
32 31 15
16 15 15
9 19 2
22 9 2
32 11 2
20 6 22
9 26 26
22 16 2
15 6 17
19 23 2
16 18 2
20 12 15
28 32 2
16 19 2
1 24 28
15 6 15
1 9 2
17 25 2
6 12 2
19 24 26
12 10 2
14 9 2
15 2 7
22 28 21
26 18 26
24 18 26
5 1 5
27 2 26
7 28 2
20 12 15
25 9 2
20 22 15
10 9 2
32 28 2
22 29 2
10 7 2
25 18 25
5 2 2
3 6 2
32 10 2
15 28 14
25 6 2
12 11 2
2 12 2
12 7 2
3 22 2
19 9 2
22 2 2
3 9 16
29 6 2
1 2 2
4 26 23
9 4 2
10 1 2
31 11 15
24 6 26
11 2 2
32 26 26
4 29 2
10 3 2
31 20 20
30 40
12 11 17
4 26 17
19 11 17
4 8 17
28 20 17
10 19 17
10 23 23
7 15 7
18 25 17
2 23 17
4 26 17
22 10 17
1 27 17
21 2 17
15 18 17
8 7 17
11 24 28
30 10 17
29 16 17
23 21 17
9 10 17
7 20 7
25 6 4
27 26 17
9 18 17
10 15 17
26 2 17
30 10 17
9 1 17
6 28 17
8 25 25
8 28 17
10 21 17
20 1 17
20 18 17
23 7 17
1 27 17
4 25 17
19 6 7
9 2 17
41 72
30 2 29
16 40 29
3 13 13
28 39 29
6 14 29
6 29 29
15 33 29
12 37 29
38 39 29
38 36 13
4 26 13
24 33 29
38 6 29
25 13 29
40 3 29
13 15 29
10 39 29
9 20 29
17 23 29
36 38 13
24 19 24
2 21 29
3 8 29
4 14 29
27 39 29
19 38 13
5 41 29
33 31 29
38 39 29
37 26 29
3 18 9
9 7 7
15 5 29
33 31 29
31 8 29
16 33 29
14 29 29
15 3 29
15 35 29
32 33 29
2 3 29
25 2 29
17 23 29
13 30 29
1 13 29
30 24 29
12 15 29
38 40 29
36 26 36
20 6 29
6 37 29
26 41 29
37 17 29
19 26 13
9 22 29
39 31 29
22 3 29
41 19 29
28 11 29
18 13 17
25 28 29
15 27 29
26 13 13
1 17 29
21 1 29
5 26 29
26 3 26
39 4 29
12 13 29
38 2 29
20 26 29
40 38 29
60 116
1 3 1
1 4 1
2 3 2
2 4 2
3 5 3
3 6 3
4 5 4
4 6 4
5 7 5
5 8 5
6 7 6
6 8 6
7 9 7
7 10 7
8 9 8
8 10 8
9 11 9
9 12 9
10 11 10
10 12 10
11 13 11
11 14 11
12 13 12
12 14 12
13 15 13
13 16 13
14 15 14
14 16 14
15 17 15
15 18 15
16 17 16
16 18 16
17 19 17
17 20 17
18 19 18
18 20 18
19 21 19
19 22 19
20 21 20
20 22 20
21 23 21
21 24 21
22 23 22
22 24 22
23 25 23
23 26 23
24 25 24
24 26 24
25 27 25
25 28 25
26 27 26
26 28 26
27 29 27
27 30 27
28 29 28
28 30 28
29 31 29
29 32 29
30 31 30
30 32 30
31 33 31
31 34 31
32 33 32
32 34 32
33 35 33
33 36 33
34 35 34
34 36 34
35 37 35
35 38 35
36 37 36
36 38 36
37 39 37
37 40 37
38 39 38
38 40 38
39 41 39
39 42 39
40 41 40
40 42 40
41 43 41
41 44 41
42 43 42
42 44 42
43 45 43
43 46 43
44 45 44
44 46 44
45 47 45
45 48 45
46 47 46
46 48 46
47 49 47
47 50 47
48 49 48
48 50 48
49 51 49
49 52 49
50 51 50
50 52 50
51 53 51
51 54 51
52 53 52
52 54 52
53 55 53
53 56 53
54 55 54
54 56 54
55 57 55
55 58 55
56 57 56
56 58 56
57 58 57
58 59 58
59 60 59
60 57 60
36 34
10 1 34
32 15 26
31 2 13
8 29 26
7 21 12
28 10 34
2 4 26
21 3 23
8 17 26
12 33 12
4 6 4
25 17 26
14 22 26
14 22 26
21 22 34
14 10 26
7 1 12
1 7 12
17 21 26
29 7 12
15 1 26
3 11 26
33 30 26
3 19 26
3 11 26
16 11 26
34 22 34
13 7 12
12 26 12
21 26 26
9 27 26
18 15 12
19 14 26
2 19 26
16 25
6 10 10
3 8 1
6 11 1
8 12 1
4 3 1
11 9 14
1 14 1
7 16 14
2 1 1
13 14 13
11 7 14
8 7 1
16 14 14
15 11 15
10 9 10
8 1 1
12 4 1
6 1 1
2 8 1
11 16 14
16 15 15
4 16 1
8 4 1
15 8 15
7 15 15
12 96
10 1 8
9 12 8
4 1 8
9 8 8
7 5 8
5 1 8
2 9 8
4 9 9
1 10 8
8 7 8
3 10 8
10 1 8
9 3 3
11 2 12
11 2 12
5 1 8
2 4 8
5 3 3
10 9 8
12 6 12
9 6 8
4 8 8
4 9 9
7 1 8
4 12 8
6 10 8
2 11 12
7 3 8
3 10 8
3 11 8
12 9 8
11 8 8
6 12 12
2 10 8
7 12 12
12 2 12
7 4 8
9 12 8
9 10 8
12 9 3
5 7 8
12 4 8
9 3 3
1 12 8
11 7 7
4 9 9
8 6 8
12 4 8
5 9 3
5 7 8
6 8 8
4 6 8
5 1 8
9 5 3
5 11 8
4 10 8
12 5 8
11 8 8
6 4 8
12 5 8
10 3 8
9 4 9
8 7 8
8 2 8
6 10 8
12 9 8
12 9 8
2 8 8
2 1 8
1 11 8
3 1 8
1 6 8
6 4 4
12 11 12
11 12 12
6 3 8
11 12 12
12 11 12
9 1 8
12 5 8
1 9 8
1 7 8
7 12 12
5 11 3
9 2 8
3 6 8
10 3 8
2 5 8
5 1 8
4 8 8
5 2 8
3 12 8
7 5 8
9 10 8
7 4 8
10 1 8
6 105
3 4 4
6 1 3
4 3 4
2 5 3
3 5 3
2 6 3
3 6 3
3 5 3
2 5 3
1 6 3
1 6 3
6 5 6
5 2 3
3 5 3
4 1 4
4 1 4
6 4 4
4 6 4
5 6 6
1 6 3
3 6 3
6 4 4
1 2 3
3 1 3
6 2 3
4 6 4
3 6 3
2 3 3
4 2 4
3 2 3
3 2 3
5 2 3
3 5 3
5 1 3
4 5 4
1 3 3
5 4 4
3 5 3
4 6 4
2 1 3
2 6 3
5 6 6
5 4 4
6 1 3
4 6 4
6 5 6
5 2 3
6 1 3
5 6 6
2 6 3
3 2 3
5 1 3
5 4 4
1 6 3
1 3 3
3 4 4
6 1 3
5 2 3
4 6 4
6 4 4
1 6 3
4 3 4
4 1 4
2 4 4
2 5 3
6 3 3
5 1 3
2 1 3
1 6 3
1 4 4
3 1 3
6 2 3
2 4 4
6 1 3
3 1 3
1 2 3
3 2 3
6 5 6
5 6 6
2 6 3
5 4 4
6 4 4
4 3 4
3 6 3
4 5 4
1 3 3
5 4 4
6 5 6
4 2 4
1 3 3
5 2 3
2 5 3
6 1 3
2 1 3
3 2 3
4 2 4
1 5 3
4 5 4
6 4 4
5 6 6
4 1 4
5 2 3
5 4 4
4 3 4
1 5 3
43 104
40 33 12
6 17 21
37 28 25
2 37 25
13 17 21
32 26 32
17 29 34
24 14 32
5 7 25
30 2 32
26 12 41
9 14 32
33 6 21
7 30 32
27 10 21
7 6 21
8 13 8
28 23 25
26 2 25
4 30 38
15 11 41
18 29 23
6 18 21
36 40 41
29 24 23
11 38 38
20 8 32
1 7 25
7 3 25
35 30 32
4 35 32
5 12 41
25 17 21
38 37 32
36 18 41
10 16 21
35 17 21
14 11 20
17 1 21
35 22 26
19 31 14
23 18 23
15 36 21
2 23 25
41 42 41
41 7 41
41 31 41
8 2 25
18 14 32
14 35 32
24 5 25
40 22 25
39 18 25
21 10 21
30 3 32
15 30 21
32 26 32
33 14 32
8 42 25
35 14 32
40 34 41
31 7 4
39 35 5
28 27 32
35 37 25
15 11 21
32 11 32
7 40 7
27 10 21
20 21 21
25 19 32
19 11 19
3 10 21
30 21 21
24 13 25
1 40 25
14 16 32
28 23 25
40 17 21
14 35 42
29 15 9
12 1 41
1 14 34
32 41 32
7 30 32
30 32 32
42 16 25
1 33 25
11 42 32
24 43 25
27 36 32
40 29 25
5 31 25
26 11 32
33 10 21
11 2 32
14 2 32
8 43 25
19 14 19
15 3 38
20 34 32
33 12 41
43 37 25
39 26 5
11 99
7 1 10
4 9 9
1 6 6
9 4 9
3 11 7
4 2 10
5 4 10
11 10 10
10 2 10
3 1 10
1 4 10
7 11 7
8 6 10
7 9 7
6 3 10
6 7 10
4 1 10
4 3 7
3 4 7
11 4 4
1 11 10
6 4 10
10 2 10
5 10 10
11 8 7
3 4 7
10 4 10
1 11 10
6 7 10
9 4 9
7 3 7
7 8 7
5 11 10
7 11 7
5 10 10
11 4 4
5 2 5
11 4 4
11 7 7
8 11 7
1 3 10
7 10 10
5 10 10
1 10 10
3 1 10
6 1 6
8 5 10
11 10 10
3 1 10
4 10 10
3 5 10
3 7 7
8 10 10
6 3 10
1 4 10
6 1 6
10 11 10
9 2 10
4 5 10
7 10 10
3 4 7
4 7 7
6 1 6
10 8 10
3 7 7
6 3 10
7 5 10
4 9 9
5 3 10
3 7 7
2 1 1
4 9 9
7 9 7
11 4 4
4 5 10
5 3 10
6 11 10
1 5 5
5 7 10
5 1 5
9 4 9
9 7 7
1 7 10
3 8 7
2 4 10
1 2 1
11 2 10
9 6 10
9 11 9
3 11 7
11 10 10
3 4 7
3 6 10
6 9 10
10 9 10
7 1 10
5 7 10
4 2 10
11 3 7
23 80
18 15 20
21 13 21
2 10 13
6 18 20
16 14 20
9 19 20
3 19 20
23 21 20
14 20 20
4 9 1
8 6 20
9 8 20
14 3 20
1 5 1
15 8 20
17 18 20
22 7 22
5 9 22
23 6 20
5 3 20
15 22 20
12 18 20
7 2 20
16 14 20
4 9 1
10 23 20
12 15 21
2 20 20
22 20 20
22 20 20
21 20 20
18 3 20
11 22 22
17 13 20
3 23 20
15 6 21
17 7 20
19 22 20
9 21 20
8 6 20
15 7 20
13 8 20
13 17 20
12 21 21
5 6 20
7 17 20
14 19 14
18 6 20
4 1 1
16 22 22
12 3 13
16 10 20
1 19 1
23 3 20
2 15 21
20 5 20
1 15 1
17 2 20
13 14 20
2 22 20
14 16 20
19 14 14
5 18 20
19 22 20
22 9 22
17 9 20
8 12 20
15 3 21
10 5 20
22 14 20
16 21 20
2 21 21
19 8 14
17 10 20
19 6 20
18 9 20
1 6 1
22 8 20
11 2 20
8 12 20
27 14
4 19 27
5 10 22
23 27 27
23 1 27
3 1 22
22 23 22
10 25 27
15 27 22
18 2 27
11 15 22
10 15 22
20 14 22
5 27 22
13 15 15
13 32
7 9 1
6 7 6
5 11 11
12 11 12
6 4 6
6 9 6
3 5 1
12 8 12
1 11 1
8 2 12
10 6 6
5 13 5
6 8 11
4 1 1
7 6 6
6 4 6
2 9 12
10 2 12
4 10 6
11 5 5
13 9 1
9 13 1
2 6 12
8 9 1
4 5 5
4 9 2
8 1 1
9 1 1
13 2 2
1 6 6
9 3 3
8 13 1
36 53
26 30 1
31 14 11
7 17 32
14 15 1
1 15 1
33 23 32
7 9 32
33 15 1
26 13 26
23 35 32
2 1 1
5 30 5
11 7 32
12 25 1
10 14 1
36 6 32
31 27 1
32 1 32
6 21 32
29 28 32
32 13 32
8 29 32
9 25 32
6 30 32
13 4 25
27 7 32
32 17 32
36 17 36
23 25 32
14 4 1
2 6 32
1 26 1
8 11 5
24 4 32
35 27 20
15 9 32
5 36 5
20 34 32
9 30 32
18 33 20
3 7 32
29 35 32
22 25 32
19 3 1
21 17 32
15 35 1
13 7 32
34 32 32
36 5 5
36 19 10
21 27 32
7 16 32
17 22 32
31 42
31 3 3
22 5 22
26 29 18
19 24 2
13 8 3
18 8 3
3 19 3
9 6 25
24 10 18
22 12 3
5 24 3
25 7 25
8 12 3
22 27 3
16 7 3
24 15 25
28 23 3
27 6 30
23 2 25
7 17 25
13 8 3
6 25 25
16 14 22
14 3 3
25 21 3
2 24 2
17 28 3
30 9 25
18 5 3
18 29 18
25 8 3
7 8 3
4 23 25
3 28 3
22 23 3
12 25 25
18 23 25
5 9 3
18 9 18
15 24 25
17 6 25
24 12 25
58 64
23 16 23
39 51 18
8 36 2
25 1 18
35 39 18
35 21 2
8 32 8
2 25 2
42 14 8
48 29 2
41 33 2
51 36 18
23 39 2
9 56 2
5 50 35
7 55 2
23 11 2
16 58 2
9 28 50
43 41 2
31 25 18
6 55 8
21 50 2
23 29 2
9 40 18
38 5 18
26 50 2
32 54 2
47 22 2
57 35 18
34 20 8
57 5 18
31 2 2
21 32 21
15 18 2
29 44 2
37 10 18
12 9 18
20 58 2
19 40 18
2 7 2
4 54 2
50 1 18
33 11 18
48 32 2
50 38 18
8 54 2
53 57 18
28 20 2
5 3 2
11 20 2
21 12 2
22 24 2
43 3 2
31 49 2
11 46 2
47 6 2
48 36 2
15 6 2
17 50 2
39 33 4
1 50 18
27 54 2
41 19 2
52 118
14 2 16
6 44 26
24 31 23
37 51 26
50 22 1
43 25 26
5 25 16
3 48 3
6 21 16
30 34 26
23 5 23
9 43 26
34 45 26
42 33 16
1 21 16
6 11 26
12 30 26
10 8 26
17 9 26
45 7 26
36 25 26
51 2 26
31 19 26
5 34 26
3 8 30
17 46 30
32 52 23
6 21 16
36 43 30
34 26 26
39 17 26
29 51 26
8 44 26
44 21 26
46 42 26
16 43 26
40 2 16
34 41 26
18 3 26
17 32 26
1 6 16
11 24 26
6 10 12
30 23 26
26 52 26
13 17 26
39 42 16
43 36 30
29 18 26
10 39 39
1 29 16
1 48 26
29 26 26
17 27 26
10 22 16
45 27 26
44 3 26
37 38 26
13 23 16
42 15 16
18 31 26
27 40 26
7 19 26
39 35 39
44 40 26
2 1 23
19 34 26
23 50 23
25 24 16
17 10 26
29 21 16
43 23 26
32 18 26
11 18 26
43 19 26
44 5 26
40 45 16
15 1 15
5 23 23
12 6 12
23 3 26
5 32 23
29 47 16
18 30 26
2 30 26
27 18 18
1 50 1
41 21 16
16 17 26
9 30 26
48 6 26
50 24 23
46 27 26
50 6 16
28 6 26
22 52 15
32 13 16
9 48 26
18 23 26
11 46 30
3 15 26
52 15 15
34 32 26
29 17 26
47 43 26
30 25 26
52 40 16
9 52 23
46 52 26
13 24 16
27 3 26
31 27 26
5 10 16
2 40 16
15 11 26
29 20 26
47 43 26
23 27 26
29 113
18 6 7
7 10 7
20 10 7
14 2 7
5 14 7
16 8 13
20 14 7
5 19 7
19 3 7
16 22 9
24 10 7
25 18 7
7 23 7
1 22 9
26 28 26
2 11 7
15 5 7
15 18 7
18 12 7
1 19 7
6 19 7
29 7 7
22 28 9
26 13 26
10 20 7
14 18 7
17 18 7
17 1 13
3 16 16
14 25 7
17 15 7
26 5 26
20 10 7
3 16 16
4 2 7
19 11 7
10 18 18
5 12 7
24 15 7
16 20 16
18 19 7
23 25 7
20 15 7
15 24 7
29 3 16
29 10 7
2 15 7
25 20 16
21 22 9
21 12 7
24 12 24
19 13 7
10 4 18
7 20 7
14 13 7
21 9 9
19 22 9
14 22 9
21 9 9
28 25 7
7 14 7
25 20 16
20 4 7
9 17 9
23 10 7
20 21 13
18 17 7
10 16 7
11 23 23
16 10 7
7 18 7
9 26 9
29 6 29
1 8 13
3 27 16
1 8 13
10 22 9
24 26 26
7 24 7
28 4 7
6 5 5
22 12 9
12 14 24
25 2 7
26 13 26
2 18 7
1 17 13
6 24 7
22 8 9
18 17 7
13 14 7
7 22 9
26 29 26
7 25 7
11 16 7
24 8 7
4 7 7
7 10 7
5 21 13
14 28 23
7 4 7
27 23 7
17 13 13
17 1 13
3 6 16
7 25 7
12 11 23
20 6 16
9 15 9
28 8 7
5 27 5
2 12 7
23 13 7
15 89
15 7 8
7 5 5
4 10 8
5 7 5
6 7 8
11 2 8
10 7 8
10 14 8
1 6 13
6 12 13
11 1 1
10 5 5
12 9 12
6 7 8
1 6 13
8 14 8
4 2 8
15 9 8
9 14 9
1 2 8
2 11 8
9 14 9
1 12 13
11 12 13
5 11 5
12 7 8
10 6 8
12 15 8
15 14 8
1 5 5
12 11 13
4 11 8
13 4 8
9 10 8
13 3 13
3 2 8
14 7 8
15 11 8
8 12 8
5 12 5
8 11 8
6 10 8
14 12 12
15 10 8
8 10 8
2 4 8
8 4 8
8 15 8
10 11 8
11 9 13
11 8 8
12 4 8
11 15 8
6 12 13
12 13 13
3 5 5
8 12 8
15 5 5
7 11 8
2 13 8
10 7 8
7 11 8
1 15 8
4 7 7
7 11 8
2 5 5
9 3 13
6 9 13
14 10 8
11 14 13
1 14 13
13 8 8
4 13 8
9 4 8
6 4 8
5 14 5
7 12 8
15 8 8
9 8 8
10 8 8
11 12 13
6 13 13
1 8 8
10 4 8
13 9 13
10 8 8
10 9 8
9 4 8
6 12 13
41 74
8 32 41
38 13 41
35 27 13
8 17 13
28 7 41
3 16 41
4 3 41
35 30 30
27 12 41
10 14 40
37 10 41
25 28 41
35 24 41
7 8 13
23 25 13
8 21 13
4 22 41
18 24 41
36 8 41
11 32 41
10 11 41
35 18 41
30 16 13
22 39 41
13 23 13
11 36 41
12 34 41
1 33 39
18 1 40
16 27 13
11 27 41
13 33 41
26 36 41
11 37 34
26 25 41
18 26 40
15 9 41
21 26 41
5 2 39
10 18 40
35 8 13
29 2 29
39 33 39
18 19 41
40 2 40
39 21 41
8 20 41
33 21 41
37 12 41
9 4 9
1 29 39
4 26 40
15 23 41
39 28 39
36 39 41
13 17 13
19 15 41
15 32 41
9 5 9
21 41 41
26 1 40
29 26 40
17 1 41
7 32 41
37 7 41
37 41 41
16 21 13
34 12 41
29 24 41
9 23 41
23 37 41
12 27 41
19 26 41
7 2 41
3 1
1 2 3
6 3
2 4 3
6 5 4
1 2 6
9 83
8 3 2
6 2 2
2 7 2
7 2 2
4 2 2
5 2 5
5 3 7
2 7 2
8 5 5
7 2 2
6 7 2
4 3 2
1 6 3
9 6 2
8 3 2
9 6 2
7 8 2
9 7 3
7 2 2
7 3 2
8 2 2
1 8 2
8 2 2
6 5 5
6 2 2
2 9 2
7 3 2
1 9 2
1 7 2
9 7 5
6 9 2
5 9 5
9 8 4
3 6 3
1 4 2
2 5 5
1 9 2
7 4 2
3 5 5
3 4 2
2 8 6
6 1 3
7 5 5
1 8 2
6 8 2
5 3 5
8 2 2
3 5 5
7 3 2
4 2 2
7 3 2
8 4 4
7 6 2
8 4 4
8 6 2
7 9 2
9 8 4
4 2 2
9 5 5
4 2 2
2 6 2
4 2 2
3 8 2
2 5 5
4 1 2
6 1 4
1 8 2
3 7 2
6 7 8
4 7 2
8 7 2
9 8 4
1 2 2
3 7 2
2 1 2
8 3 2
4 3 2
9 8 4
3 9 2
9 8 4
8 3 2
9 4 4
9 4 4
46 103
32 3 11
44 43 15
21 32 25
6 20 11
34 12 25
28 30 25
43 28 11
19 16 25
37 22 11
23 13 25
13 35 25
38 40 26
29 2 5
19 21 25
33 29 26
17 35 25
45 28 11
10 2 25
20 40 32
39 19 11
14 12 25
21 27 25
34 1 11
37 16 25
28 20 11
5 18 11
35 2 25
19 38 15
35 32 25
40 44 25
36 25 25
27 45 26
5 16 25
27 19 5
27 41 5
32 26 26
38 20 26
20 41 26
4 24 25
23 26 25
34 28 11
11 6 11
2 23 25
35 32 25
9 41 25
20 36 11
28 31 11
37 12 25
43 44 15
24 2 25
35 26 25
33 16 25
46 4 25
34 7 11
37 6 11
23 20 25
26 34 26
42 8 25
41 6 11
30 43 25
36 39 39
2 22 11
25 27 25
41 38 15
9 13 25
41 3 11
35 42 25
37 7 11
20 17 26
30 21 27
28 41 11
14 43 25
2 46 25
10 14 10
29 25 25
22 3 11
20 18 11
15 23 25
44 35 25
20 35 25
32 12 25
3 23 25
31 27 5
37 16 25
5 26 26
23 17 25
20 14 25
33 22 11
44 40 25
13 6 11
21 35 35
24 31 25
38 12 25
29 25 25
14 1 25
28 25 25
31 7 11
12 18 25
28 31 11
14 20 25
25 2 25
26 16 25
46 9 25
35 94
19 12 2
5 8 5
35 14 2
8 20 20
4 1 16
25 34 24
9 18 2
21 25 5
2 18 2
29 5 5
19 15 30
33 6 6
35 6 6
13 17 2
8 4 16
16 2 2
33 14 2
9 6 11
11 4 11
16 27 16
32 9 32
14 29 2
14 5 2
9 5 11
18 6 2
21 14 2
8 7 2
9 14 2
22 11 11
10 15 2
5 14 2
16 12 2
29 32 11
34 28 5
9 18 2
32 10 2
13 30 2
13 10 13
24 10 2
7 17 2
7 2 2
15 23 30
10 32 2
2 17 2
30 6 30
1 32 11
20 18 2
19 16 16
2 20 2
26 9 11
6 2 2
28 33 5
2 33 2
18 35 2
1 6 6
13 24 2
14 22 2
26 18 2
2 10 2
26 8 16
19 10 2
6 24 5
5 34 5
31 7 2
28 15 5
6 2 2
8 30 30
28 30 5
14 3 3
27 24 5
9 14 2
5 14 2
8 33 33
2 11 2
4 5 5
10 18 3
2 4 2
24 18 2
35 22 20
33 27 30
1 12 2
28 12 2
23 30 30
17 30 5
2 20 2
15 16 16
11 8 11
1 12 2
32 31 2
1 8 1
34 7 2
20 24 5
9 19 11
24 31 2
20 78
14 1 13
9 1 9
16 10 16
20 6 8
14 16 13
9 10 18
10 9 18
16 2 16
20 4 8
7 10 8
19 8 16
17 18 5
2 3 2
3 10 10
15 13 8
8 11 8
18 9 18
1 13 13
10 12 12
13 11 18
8 3 3
5 13 8
13 2 8
20 5 8
19 14 16
3 9 18
7 12 12
4 10 8
6 12 12
18 20 18
11 18 18
8 1 8
16 2 16
8 17 8
19 9 16
1 5 8
10 12 12
15 17 8
18 6 8
6 15 15
15 20 8
15 12 12
15 16 16
5 4 10
8 2 11
8 18 8
1 10 18
13 9 13
12 11 12
1 17 13
1 16 16
5 19 16
18 17 18
5 20 8
6 14 8
2 14 18
11 2 18
4 18 8
10 5 8
11 18 18
8 14 8
20 14 18
4 11 8
6 8 8
14 15 8
9 2 8
6 12 12
3 18 18
9 15 8
16 4 16
17 13 13
11 5 8
16 10 16
1 11 11
2 20 8
4 20 8
18 10 18
10 12 12
58 31
7 9 9
22 57 22
30 3 48
37 36 48
35 33 22
14 18 48
58 55 22
38 39 4
14 32 14
53 29 39
22 39 4
16 49 48
29 37 4
49 28 22
51 47 48
31 44 48
27 38 48
45 19 43
35 10 4
9 51 48
27 55 22
34 1 48
17 12 43
8 24 48
20 15 48
38 52 48
14 2 48
41 48 48
28 52 22
15 22 22
8 36 48
17 39
9 2 1
2 7 8
6 5 5
8 11 8
6 7 1
8 2 8
15 7 1
17 12 15
11 13 5
12 15 1
13 2 5
12 1 1
7 9 1
1 4 1
15 10 1
14 5 5
11 17 1
5 10 5
10 17 1
7 13 5
2 10 8
17 13 5
3 13 3
5 3 5
3 1 5
6 10 1
4 12 1
15 2 10
8 9 1
15 11 1
6 2 1
13 6 5
14 11 8
17 8 1
2 15 1
15 10 1
8 3 5
17 1 1
14 11 8
49 40
5 4 31
22 18 17
9 17 31
31 25 31
22 29 31
33 24 1
49 26 31
5 15 31
32 46 39
22 33 31
34 40 44
36 22 31
29 45 44
22 7 38
44 31 31
27 15 1
48 10 31
9 18 44
35 39 44
27 29 44
46 7 31
33 6 1
49 6 31
37 44 44
5 38 38
48 45 31
9 31 31
33 16 31
21 12 44
2 24 14
13 2 31
11 44 44
29 45 44
12 40 1
21 2 44
12 34 38
16 13 38
27 31 31
49 38 31
26 23 31
45 91
45 31 31
42 4 31
7 38 5
44 9 31
9 32 20
12 37 31
37 44 31
25 11 31
7 43 31
25 2 31
20 43 31
13 38 5
40 23 5
12 36 5
32 11 31
39 28 5
38 41 5
24 39 31
30 12 31
44 6 31
43 3 31
36 35 5
29 28 5
24 39 31
42 1 42
14 12 31
1 37 31
5 22 5
22 31 31
11 38 5
5 41 5
40 30 5
17 14 31
11 23 31
16 22 20
35 26 5
25 13 21
27 37 5
7 14 31
35 45 31
45 43 31
13 8 31
2 41 31
43 38 5
37 3 31
7 23 31
6 43 31
27 41 5
19 37 20
14 31 31
14 27 5
39 18 31
9 43 31
13 38 5
40 34 5
16 22 20
10 20 20
37 33 31
19 39 31
33 28 5
21 41 31
30 21 31
29 7 31
7 12 42
22 23 31
35 21 31
22 9 22
2 41 31
30 9 31
45 20 31
22 13 31
9 15 5
40 9 5
19 33 31
3 13 31
39 14 30
24 9 20
30 45 31
29 38 5
4 40 5
30 22 31
9 40 5
13 21 21
4 15 5
22 41 31
12 2 31
45 25 21
10 33 31
21 30 31
20 38 5
12 11 31
13 70
12 5 12
9 11 11
2 3 3
12 11 12
3 2 3
1 11 11
4 1 12
4 8 4
6 10 3
6 8 6
10 8 3
1 9 1
9 5 12
5 11 12
3 5 3
9 4 12
5 9 12
4 12 12
5 10 3
11 13 12
11 5 12
13 12 12
8 2 3
4 7 4
9 8 12
8 4 4
13 7 3
12 5 12
8 6 6
9 8 12
4 10 4
9 6 12
3 10 3
13 4 4
4 9 12
11 8 12
10 9 12
5 3 3
4 1 12
5 10 3
11 9 11
9 5 12
2 10 10
2 11 12
6 5 5
3 7 3
4 1 12
3 6 3
1 3 12
5 9 12
1 7 12
6 9 12
6 13 3
6 11 12
4 10 4
1 13 12
7 13 3
5 4 4
11 1 11
3 2 3
9 13 12
11 5 12
11 9 11
2 10 10
3 6 3
4 9 12
1 2 12
6 4 4
12 4 12
1 6 12
60 120
6 41 55
57 12 11
33 17 32
49 35 32
31 59 32
12 19 32
21 30 32
6 24 32
16 46 48
3 16 32
60 43 32
58 2 32
4 56 11
20 9 9
24 27 48
33 47 32
37 21 48
18 45 32
1 12 32
17 11 32
55 50 32
43 38 32
59 5 32
60 31 32
39 19 32
9 31 32
46 21 48
41 14 32
33 57 9
37 30 32
16 45 53
39 55 11
57 20 11
38 43 32
56 39 11
58 60 32
20 23 32
7 32 32
11 53 32
50 60 32
27 4 32
47 25 32
46 14 48
36 20 32
6 38 55
11 8 9
43 57 32
51 17 32
44 3 9
43 60 32
34 53 53
33 31 32
19 18 32
39 23 32
12 35 11
25 14 32
39 13 11
5 32 32
29 40 40
60 32 32
21 47 53
19 18 32
58 20 32
27 12 32
60 38 9
36 19 48
19 46 48
15 36 48
41 16 32
47 40 53
12 18 11
47 46 48
26 25 32
30 26 32
35 5 32
17 38 32
57 35 35
8 50 32
55 58 32
28 33 32
41 16 32
53 27 48
33 39 9
25 2 9
25 11 9
4 31 32
34 52 48
22 60 9
58 5 32
27 9 32
46 54 32
9 57 9
40 51 48
24 8 32
2 19 32
41 11 11
40 54 32
43 1 53
45 44 32
48 50 48
7 48 32
20 35 11
38 13 55
20 7 11
20 13 11
9 50 32
19 34 48
58 46 32
29 47 53
44 59 9
51 25 32
45 56 32
38 39 11
24 32 32
44 28 32
51 60 32
15 30 32
57 13 55
44 26 32
47 4 32
15 96
14 1 1
14 4 1
2 12 2
9 2 11
11 9 11
15 13 11
10 12 2
5 14 2
14 10 1
5 2 2
9 5 11
14 15 2
4 6 2
2 8 2
4 10 1
7 14 11
13 14 11
1 11 11
2 14 2
5 4 2
10 12 2
12 9 11
2 10 2
10 15 2
4 13 11
8 10 10
8 10 10
3 2 11
13 10 11
3 6 11
3 5 11
2 12 2
9 3 11
5 9 11
7 15 11
6 9 11
2 5 2
7 8 11
11 13 11
13 7 11
15 1 2
15 3 11
7 14 11
1 10 1
12 14 2
15 4 2
13 5 11
10 9 11
8 7 11
15 14 2
7 15 11
3 7 11
3 13 11
13 3 11
3 9 11
9 11 11
10 13 11
6 15 15
4 13 11
5 11 11
15 4 2
13 12 11
3 2 11
6 4 2
8 12 2
1 6 2
6 4 2
5 1 2
1 15 2
6 1 2
9 11 11
13 14 11
15 3 11
1 6 2
11 10 11
8 12 2
9 11 11
7 15 11
7 3 11
13 15 11
11 14 11
11 15 11
2 9 11
2 3 11
7 15 11
13 1 11
10 5 2
11 14 11
4 2 2
13 10 11
13 14 11
2 15 2
6 8 2
6 8 2
1 14 1
6 3 11
58 67
31 26 40
34 24 57
52 37 47
56 55 40
44 47 47
21 20 57
27 47 57
10 17 17
44 19 40
35 26 40
43 33 33
6 21 15
5 28 57
24 29 40
26 7 40
8 25 47
57 15 57
55 41 40
14 4 57
40 14 40
56 33 40
49 28 57
39 8 47
25 8 47
53 30 57
38 25 47
58 37 47
7 55 11
33 46 33
53 47 57
20 11 57
45 1 57
49 22 38
43 50 2
21 49 57
8 55 40
9 32 47
9 47 47
33 36 40
50 18 40
38 56 57
15 17 15
15 38 9
4 19 40
32 44 47
41 27 40
51 9 57
2 15 40
18 25 47
21 54 57
44 26 40
57 4 57
57 13 40
44 41 40
12 8 47
32 1 47
33 55 33
10 5 57
44 11 57
39 9 39
57 47 57
48 10 57
8 19 40
10 34 5
3 56 57
57 7 12
44 41 40
60 120
19 48 32
46 37 46
17 29 38
5 54 38
50 54 38
6 21 56
57 31 46
17 50 38
15 31 32
12 50 56
19 59 38
19 23 46
9 20 49
17 54 38
14 16 56
53 35 26
33 44 38
21 60 56
50 58 38
19 9 32
3 5 46
31 3 32
58 10 46
36 6 56
38 57 38
5 12 38
29 40 56
2 58 46
48 42 60
59 8 36
15 4 38
16 28 38
30 3 38
59 43 38
32 11 38
37 14 38
29 31 38
33 26 26
43 1 46
40 27 56
46 53 38
51 7 38
16 52 38
42 34 46
58 49 15
45 44 44
39 11 56
42 15 32
47 55 38
56 47 56
41 44 38
21 4 38
33 16 56
4 39 38
59 33 56
39 59 56
25 38 38
58 16 38
32 54 38
54 10 38
7 6 56
6 58 38
2 49 46
25 10 46
56 36 56
13 48 38
28 52 45
6 3 18
44 10 46
48 45 15
38 48 38
31 40 38
58 14 38
2 36 38
18 24 32
18 58 15
24 5 46
22 46 38
44 10 46
39 58 31
48 35 38
15 6 38
59 51 38
60 24 38
35 5 38
52 16 38
31 57 46
5 47 38
50 36 14
41 29 38
39 43 38
54 15 38
47 56 56
48 22 38
59 43 38
6 50 56
44 9 44
46 16 38
13 57 38
12 51 38
57 41 38
3 15 15
43 29 18
9 1 15
19 4 44
30 34 38
19 27 48
11 10 38
22 36 14
58 43 46
6 55 38
26 43 38
18 45 15
46 37 46
47 20 38
22 5 38
6 34 52
38 21 38
22 42 38
42 40 38
11 76
9 2 10
1 2 8
7 5 8
6 4 4
6 4 4
6 1 6
7 9 10
7 6 8
10 5 10
3 4 4
1 5 4
3 11 6
5 7 8
4 10 10
10 8 10
1 2 8
11 5 4
6 1 6
4 7 8
9 10 10
2 11 8
1 9 10
10 9 10
5 2 8
5 3 4
1 4 4
3 1 6
7 1 8
4 7 8
1 2 8
8 6 8
2 4 8
7 6 8
8 9 10
4 11 4
3 9 10
2 7 7
8 5 8
2 11 8
11 9 10
4 5 4
10 9 10
8 4 8
9 1 10
11 3 6
5 6 4
2 7 7
6 2 8
3 8 8
11 9 10
7 5 8
1 7 8
7 3 8
7 2 7
4 11 4
1 3 6
5 10 10
11 9 10
7 2 7
10 1 10
11 10 10
11 5 4
4 11 4
10 7 10
3 11 6
6 8 8
10 6 10
4 1 4
7 4 8
3 7 8
8 11 8
9 8 10
3 6 6
10 2 10
6 1 6
3 6 6
60 120
12 15 3
4 26 58
17 24 3
56 40 12
47 22 3
60 57 3
23 45 3
60 4 58
37 28 52
60 52 52
47 5 3
44 10 52
45 22 3
18 21 3
46 18 3
49 40 52
43 19 19
3 14 3
34 56 48
59 8 48
9 17 3
11 39 3
10 12 3
39 6 3
50 24 58
18 54 3
39 54 3
13 5 5
12 37 3
48 32 3
58 60 58
54 51 58
13 5 5
54 36 48
48 20 48
15 29 52
12 46 3
44 48 48
6 52 52
16 6 52
7 11 3
43 10 48
14 55 14
11 36 3
7 8 48
32 23 3
45 36 3
57 55 3
56 44 48
21 16 58
57 32 3
37 23 52
40 27 3
28 20 52
55 29 3
33 52 52
28 24 58
25 38 48
2 45 3
14 55 14
52 42 52
12 3 3
4 22 3
3 47 3
16 25 48
14 22 9
39 9 30
35 17 3
20 9 3
30 11 3
51 23 51
7 60 58
37 35 29
31 39 3
42 17 3
32 25 3
46 58 3
22 54 3
25 3 3
8 17 3
9 3 3
40 32 3
7 59 58
30 20 52
40 50 52
28 35 52
2 25 48
38 47 3
60 49 58
35 41 29
31 48 48
6 12 3
54 40 52
41 33 52
59 28 58
33 47 3
15 13 52
43 14 3
58 34 58
20 37 52
56 33 48
30 37 52
20 48 48
60 34 58
24 13 52
25 34 48
38 59 48
41 11 3
40 22 3
50 47 3
57 43 39
43 16 48
34 60 58
19 56 19
50 31 52
21 57 3
33 57 3
11 58 3
6 31 29
11 32 3
46 86
19 5 27
46 34 37
4 41 37
25 42 27
10 15 27
28 24 37
9 20 27
5 6 37
2 28 27
38 6 27
28 39 27
15 7 37
25 22 25
23 21 27
32 41 27
33 2 10
36 1 37
23 9 27
15 19 27
12 40 37
35 33 10
12 20 37
30 32 27
2 40 27
24 38 27
10 15 27
36 32 27
23 29 27
34 2 27
39 1 27
9 4 27
45 18 10
34 23 27
20 4 37
29 39 27
43 42 27
9 38 27
43 12 27
17 40 37
31 22 27
8 42 27
18 17 27
21 27 27
44 39 27
33 35 10
27 41 27
38 10 27
2 19 27
22 23 27
14 46 37
8 31 27
41 43 27
32 16 27
33 9 10
15 26 27
14 22 27
30 5 27
38 9 27
5 40 37
31 33 27
41 17 37
9 12 27
33 9 10
22 31 27
27 14 27
30 46 27
21 14 37
25 8 27
30 29 10
9 38 27
4 21 37
20 38 27
43 24 27
7 27 27
41 37 37
10 11 27
30 14 27
11 35 27
2 40 27
3 33 27
20 16 27
3 21 27
29 41 27
8 11 27
29 45 10
12 14 37
56 54
42 41 43
15 33 43
12 7 43
56 23 43
38 22 43
53 37 6
11 51 43
45 1 43
53 14 43
33 3 43
4 41 43
19 22 43
46 7 43
16 39 43
29 6 43
8 45 43
6 29 43
10 7 43
22 30 43
26 41 43
53 36 43
13 14 43
44 46 43
1 46 43
16 34 43
16 18 43
14 10 43
51 50 50
39 18 43
8 22 43
27 23 43
29 41 49
7 17 43
52 7 43
7 41 43
35 44 35
4 42 43
47 1 1
38 28 43
54 44 43
53 2 43
11 27 43
36 5 43
30 25 43
54 6 43
33 37 43
50 44 43
47 18 43
56 25 43
5 1 43
11 56 43
43 32 43
46 9 43
49 6 43
25 102
11 24 6
14 3 6
21 14 6
13 16 4
21 6 6
6 22 6
1 24 6
21 8 4
5 25 4
10 9 4
22 16 4
22 23 4
17 1 17
8 7 4
12 21 6
13 14 4
18 4 4
2 8 4
19 20 4
18 3 4
18 12 4
2 13 4
7 8 4
12 16 4
12 20 6
18 5 4
7 6 4
8 9 4
11 24 6
7 2 4
6 1 6
18 1 4
24 15 6
5 10 4
16 12 4
24 15 6
11 8 4
9 6 4
24 23 4
16 12 4
10 4 4
11 20 6
21 14 6
4 15 4
7 11 4
21 14 6
17 21 6
3 21 6
20 10 4
16 1 4
13 17 4
13 8 4
17 19 4
24 10 4
23 18 4
14 11 17
10 5 4
2 14 17
23 19 4
15 21 6
17 19 4
24 3 6
16 11 4
25 22 4
13 23 4
9 2 4
2 18 4
17 5 17
3 20 6
17 11 17
18 20 4
16 11 4
20 13 4
19 25 19
15 7 4
12 22 6
1 16 4
17 22 6
14 16 4
22 1 6
25 22 4
2 24 6
14 8 4
6 14 6
4 21 4
14 15 6
7 19 4
22 17 6
10 24 4
21 6 6
15 18 4
9 16 4
14 8 4
14 1 17
19 11 4
24 11 6
23 15 4
16 11 4
16 18 4
13 16 4
2 25 4
1 6 6
12 9
1 5 7
11 2 6
9 4 12
8 12 6
10 1 7
4 3 12
3 10 6
8 11 8
2 5 10
30 111
25 21 29
7 21 29
14 20 30
19 6 29
25 23 27
3 9 29
11 7 29
15 16 30
7 16 30
5 24 30
23 19 29
21 7 29
2 19 29
8 3 30
10 29 29
15 30 30
15 16 30
16 22 30
27 14 29
18 8 30
4 18 29
21 4 29
22 16 30
5 2 29
20 15 30
29 25 29
11 15 19
6 10 29
19 16 30
12 5 30
17 1 30
26 7 29
28 9 9
20 28 30
20 6 16
5 17 30
26 1 30
8 6 30
22 23 30
23 19 29
20 17 30
11 6 29
6 10 29
18 19 19
2 4 29
21 20 30
29 21 29
24 26 30
7 12 30
17 2 1
12 16 30
11 26 8
29 5 29
29 27 29
12 11 30
17 24 30
29 13 29
21 6 29
15 24 30
25 29 29
17 25 30
21 13 29
28 1 30
9 12 12
24 5 30
11 7 29
14 6 29
4 24 30
3 7 29
4 11 29
19 29 29
29 10 29
10 15 29
21 22 30
30 20 30
20 7 30
27 4 29
27 9 18
13 19 29
22 30 30
21 10 9
14 15 29
17 13 30
19 10 9
9 8 10
15 21 29
6 27 29
27 3 29
27 26 27
3 25 29
3 4 29
17 27 30
5 30 30
23 24 30
20 30 30
2 27 27
25 26 25
11 13 29
22 3 30
1 9 30
26 15 27
23 10 29
3 25 19
13 23 27
24 12 30
25 21 29
29 7 29
7 8 30
15 30 30
25 20 30
4 10 29
5 98
5 2 1
1 5 1
5 4 4
1 2 1
2 5 1
3 4 4
2 4 4
5 4 4
1 2 1
4 5 4
4 3 4
2 5 1
4 1 4
1 2 1
2 5 1
1 2 1
1 4 4
4 2 4
5 2 1
1 2 1
1 5 1
4 2 4
5 3 1
1 2 1
2 4 4
3 4 4
5 3 1
3 1 1
4 5 4
4 2 4
3 1 1
1 3 1
3 5 1
3 5 1
5 4 4
1 5 1
4 2 4
2 4 4
1 5 1
3 2 1
4 1 4
5 4 4
3 1 1
4 1 4
4 5 4
3 5 1
3 1 1
3 5 1
3 4 4
3 2 1
4 2 4
5 3 1
2 4 4
1 4 3
1 5 1
5 2 1
1 4 4
2 4 4
3 1 1
4 1 4
4 1 4
4 5 4
4 1 4
1 3 1
4 2 4
1 5 1
2 5 1
1 3 1
4 2 4
2 1 1
4 1 4
4 1 4
2 5 1
1 2 1
1 4 4
5 1 1
5 2 1
3 4 4
1 2 1
2 1 1
2 3 1
1 2 1
5 3 1
4 1 4
1 5 1
1 3 1
3 1 1
2 3 1
3 5 1
1 3 1
2 4 4
5 3 1
5 3 1
4 1 4
2 1 1
2 5 1
1 5 1
4 2 4
44 104
12 43 39
2 24 8
32 12 39
16 10 39
24 14 8
32 11 15
1 32 39
37 9 39
6 20 39
4 35 28
36 28 39
36 27 27
13 19 8
31 8 8
16 11 8
9 26 18
13 30 39
22 13 39
4 17 18
33 42 5
18 10 39
14 24 8
40 1 1
2 12 8
8 15 8
32 5 39
43 20 39
41 43 10
22 23 39
4 20 8
8 16 8
10 7 39
6 17 39
14 43 39
25 38 39
34 40 8
22 37 39
18 22 39
11 24 8
3 35 39
37 41 39
25 9 39
32 37 39
4 31 28
5 27 39
7 16 8
27 18 9
3 28 39
14 33 34
3 24 39
10 30 29
24 6 39
44 21 39
32 10 29
19 44 8
23 15 15
32 36 29
39 30 39
13 14 8
24 26 8
24 2 8
44 15 8
36 34 39
44 1 28
22 5 39
5 31 9
9 10 39
18 43 29
23 26 8
41 3 29
36 33 39
34 26 8
31 5 28
8 30 39
14 36 39
28 22 39
6 27 27
26 12 18
33 9 8
34 1 8
26 38 18
40 13 8
1 34 8
4 13 8
16 1 8
39 9 39
42 9 39
44 28 28
19 5 8
4 10 39
43 44 39
13 5 12
31 19 8
2 44 8
17 33 8
33 29 39
23 9 8
41 17 39
41 21 41
19 37 39
20 39 39
39 34 39
8 14 8
31 5 28
15 49
11 8 9
1 11 10
13 9 9
7 5 9
9 2 9
13 2 12
14 10 10
6 12 10
4 8 9
11 15 10
15 8 10
2 9 9
6 4 10
6 10 10
1 6 1
4 3 12
8 1 10
1 12 10
15 7 10
10 2 10
11 12 9
6 15 10
10 9 10
5 12 12
5 1 10
11 3 10
12 10 10
12 11 9
15 4 10
3 15 10
5 8 12
9 14 10
5 13 12
1 9 10
10 15 10
2 3 10
11 7 9
1 5 10
3 8 10
8 12 12
7 2 9
14 3 3
7 8 9
15 3 10
9 10 10
9 8 9
11 15 10
9 7 9
13 10 10
49 105
12 36 31
2 24 24
20 13 31
23 4 31
22 25 9
33 6 31
31 41 31
26 48 12
23 41 12
11 28 31
23 48 37
33 6 31
44 32 24
42 19 31
4 43 18
43 5 31
40 25 31
17 24 24
30 49 30
47 23 31
7 25 31
9 37 24
43 16 24
31 8 31
11 15 31
16 30 24
29 4 31
22 6 31
14 15 24
36 9 24
22 38 31
12 11 31
2 26 31
36 26 31
9 48 24
42 23 31
5 43 31
16 38 24
35 9 24
4 45 18
30 5 12
47 39 31
6 48 31
36 6 31
23 30 30
5 42 31
14 12 24
28 49 31
28 42 31
3 37 31
14 28 24
26 42 31
29 12 12
21 49 31
42 17 6
31 9 24
43 20 31
33 26 31
1 21 1
31 5 31
18 21 31
28 45 31
12 40 12
2 32 24
30 48 12
10 2 31
46 6 31
41 19 12
2 46 31
7 26 31
32 24 24
26 23 30
9 30 24
41 49 12
32 19 24
20 18 31
39 21 31
21 38 31
47 14 24
22 43 31
42 22 31
13 9 24
48 26 12
44 28 31
49 28 31
36 26 31
17 35 31
26 20 31
18 47 31
27 34 31
18 14 24
17 39 31
29 30 12
13 38 31
43 16 24
8 39 31
21 11 31
16 25 24
43 41 31
39 37 31
48 29 12
43 8 31
4 12 31
30 36 31
46 21 31
60 120
14 31 47
42 55 6
22 26 47
6 32 15
29 49 47
57 15 15
48 41 47
35 44 15
20 40 39
56 25 37
38 49 15
28 51 15
39 56 15
7 13 47
10 56 15
37 10 15
33 28 47
11 41 11
31 15 15
8 48 47
48 49 47
56 54 15
19 42 47
32 11 47
31 10 15
47 1 47
53 45 15
30 27 15
12 38 15
28 3 15
43 25 15
46 17 47
52 11 47
40 15 15
17 58 17
25 40 15
53 7 53
27 23 47
23 10 47
4 6 47
59 38 47
2 10 15
42 59 47
23 47 47
57 13 47
56 30 15
58 41 47
54 48 47
45 16 15
56 58 15
56 60 60
46 24 46
19 52 47
37 36 6
57 5 55
35 54 35
44 9 47
3 31 15
4 53 47
15 40 15
12 28 37
56 5 37
58 27 15
25 32 15
59 8 47
7 5 28
60 25 37
33 18 47
38 8 47
45 30 39
3 42 15
26 55 47
18 6 15
43 9 47
46 17 47
50 30 15
59 1 47
38 13 47
3 19 47
35 41 47
26 55 47
25 13 47
6 4 47
16 52 6
51 26 47
57 12 37
51 50 15
11 60 47
30 26 47
1 57 15
12 16 37
42 49 15
47 29 47
22 60 37
12 2 6
58 43 58
8 54 47
34 20 15
57 3 15
27 10 15
25 20 15
2 21 47
4 27 47
46 40 47
54 22 15
1 36 15
25 43 15
60 13 47
10 57 15
9 25 47
25 30 15
52 7 6
4 33 47
55 49 15
48 10 47
34 27 55
42 43 15
29 30 47
24 36 47
28 58 15
32 85
22 12 7
6 19 7
11 16 7
25 3 7
5 17 7
8 13 7
17 14 7
28 11 7
13 5 7
9 8 7
29 22 8
3 27 7
24 14 7
27 10 7
22 5 7
14 2 2
31 27 7
24 10 7
20 31 7
8 11 7
26 15 25
32 18 25
31 19 25
15 8 7
8 23 7
5 27 7
20 8 7
31 10 25
26 1 7
28 11 7
19 14 32
27 9 7
23 27 7
18 26 26
20 10 7
6 21 7
18 16 25
28 13 7
22 31 7
7 13 7
21 6 7
21 15 15
11 29 7
7 21 7
11 12 7
32 2 32
31 6 7
29 8 8
2 29 7
24 6 7
10 6 7
26 10 25
11 20 7
30 29 8
2 32 32
19 30 7
1 31 7
16 4 7
32 19 32
7 31 7
25 26 25
13 15 7
10 19 12
10 15 25
6 4 7
18 4 7
6 3 6
31 5 5
4 23 7
5 17 7
9 2 7
25 29 7
21 27 7
28 17 7
30 32 7
26 15 25
8 10 7
22 19 7
23 32 32
15 17 7
20 28 7
26 8 7
22 24 22
11 31 7
19 15 25
33 118
29 5 32
32 19 2
7 33 2
14 21 26
26 31 2
4 30 7
24 9 2
18 1 2
1 10 2
19 6 2
28 24 2
21 29 14
28 30 7
32 4 12
28 31 2
32 10 2
24 9 2
25 33 19
28 9 7
16 20 16
28 7 7
19 21 2
9 33 2
31 29 2
4 5 32
19 24 31
12 18 12
9 7 7
16 4 7
9 23 17
12 3 2
32 25 2
4 25 2
33 9 2
5 25 2
23 22 2
3 18 2
24 32 2
23 2 2
15 32 7
33 18 19
2 16 2
22 29 2
20 6 2
11 1 16
25 6 2
13 26 2
3 24 2
33 28 2
3 21 2
15 33 2
20 28 20
20 19 2
19 24 25
33 12 19
10 17 2
31 16 2
32 1 2
19 13 19
30 28 7
25 7 2
28 16 16
15 29 7
28 23 7
16 29 7
27 23 7
21 24 2
7 17 7
27 7 7
27 1 2
33 22 13
1 33 2
25 4 2
8 29 17
13 23 2
1 2 2
4 21 7
12 19 10
19 26 2
10 20 2
16 1 2
26 15 7
29 32 32
26 1 2
10 13 13
33 6 2
15 14 7
31 5 2
10 20 2
28 14 23
30 16 7
17 1 2
23 8 17
20 32 7
24 14 2
12 16 31
29 23 7
10 18 23
12 29 2
10 11 31
23 8 17
22 10 13
16 17 7
11 26 2
29 18 2
17 16 5
6 22 2
12 17 2
23 1 2
26 15 7
4 23 7
7 33 2
32 19 2
33 15 2
9 11 20
5 9 7
9 30 17
5 7 7
6 78
2 4 3
1 5 5
5 6 5
1 3 3
4 1 1
1 2 3
3 4 3
2 1 3
3 6 3
6 5 6
3 6 3
5 3 6
5 2 5
3 6 3
5 4 5
3 1 6
5 6 5
2 3 3
1 4 1
3 1 3
1 2 4
6 1 3
5 6 5
1 3 3
6 1 5
5 1 5
6 4 3
6 2 2
2 5 5
4 2 3
4 2 3
3 4 3
4 3 3
5 4 5
6 1 3
6 5 5
1 2 3
6 5 5
6 5 5
2 6 2
3 1 3
6 3 3
6 3 3
4 5 5
6 1 3
5 2 5
3 4 3
6 1 3
4 5 5
6 1 3
5 4 5
2 4 3
1 6 3
6 4 3
4 5 5
2 3 3
6 1 3
1 6 3
3 5 5
5 6 5
3 2 3
5 1 5
4 3 3
3 1 3
2 4 3
3 4 3
5 3 5
2 5 5
6 3 3
2 3 3
4 3 3
5 2 5
2 1 3
2 3 3
2 1 5
3 6 3
2 1 3
4 1 1
41 88
10 25 10
24 26 39
1 16 16
2 4 16
5 34 34
12 19 34
8 1 34
36 15 16
33 36 3
20 9 16
8 13 34
30 40 40
6 19 34
16 33 16
20 25 16
41 4 3
9 41 3
15 7 16
4 19 34
19 40 40
33 24 3
38 31 13
35 26 39
31 22 16
11 20 34
4 32 39
19 21 34
39 27 34
27 35 34
34 9 34
1 2 16
5 35 3
25 13 16
14 9 39
35 4 3
24 25 16
31 36 3
10 40 34
4 7 16
37 6 16
38 36 3
23 20 16
3 17 3
36 17 3
30 8 34
25 9 16
18 25 16
8 37 34
21 29 21
23 31 16
13 38 13
34 11 34
26 38 39
21 16 16
33 1 3
5 19 34
21 6 6
40 17 34
9 34 34
37 7 16
24 38 38
3 30 34
14 6 16
37 4 3
11 27 34
20 38 16
11 8 34
10 1 16
2 40 34
37 27 34
30 8 34
21 16 16
22 1 16
37 30 34
38 37 3
8 39 34
16 30 34
36 41 3
38 29 16
26 31 39
3 25 16
40 21 34
11 4 34
32 10 16
20 39 16
35 6 16
1 5 3
26 17 39
43 52
40 31 37
40 21 37
10 41 25
24 6 7
27 25 37
31 13 37
5 16 25
19 26 25
8 11 37
33 21 37
29 2 2
36 34 37
23 22 23
11 33 37
8 33 33
33 4 37
5 27 37
23 10 37
2 40 37
3 17 25
3 15 25
38 32 25
30 2 2
3 9 25
38 26 25
40 37 37
23 12 37
35 31 37
20 36 37
41 9 25
19 3 25
3 40 37
15 41 25
37 7 37
40 29 37
14 1 25
10 41 25
23 6 37
24 27 37
9 18 37
25 7 25
32 10 10
22 1 37
1 40 37
25 27 37
29 6 25
13 42 37
40 43 37
5 41 25
43 9 25
5 15 25
21 27 37
60 120
55 42 25
45 22 25
46 6 4
1 11 25
30 33 25
35 5 25
25 20 25
25 23 25
43 51 4
37 58 9
34 49 9
19 34 45
27 6 4
35 48 4
47 36 25
17 30 25
1 59 25
23 21 25
49 48 4
60 6 4
58 8 4
51 47 25
17 5 17
8 50 4
32 19 4
56 25 25
17 25 25
3 10 25
34 57 9
17 45 25
60 26 25
13 27 25
31 20 4
26 24 25
42 35 4
46 4 4
8 27 4
21 9 25
12 30 4
60 35 35
2 60 4
32 6 32
52 58 9
38 19 25
34 14 25
29 47 25
7 57 7
5 38 17
54 56 4
12 4 4
29 30 4
29 35 4
53 3 25
47 22 25
41 54 25
52 24 4
11 44 25
16 38 17
43 9 9
37 4 4
56 18 25
46 36 36
43 13 25
30 13 25
4 10 4
27 29 9
46 14 25
53 42 25
33 2 25
58 60 4
33 15 25
9 41 25
42 1 4
49 23 9
47 43 25
9 57 9
17 60 25
8 58 4
23 52 9
7 4 4
48 35 4
51 34 4
42 48 4
25 21 25
31 51 4
13 39 25
13 53 13
27 21 25
54 42 4
38 40 55
59 42 25
44 56 4
53 30 25
41 8 25
28 22 25
5 11 25
16 17 17
11 3 25
50 59 25
25 33 25
38 2 25
4 59 25
1 19 4
32 50 4
54 13 25
9 52 9
3 39 25
26 46 25
28 42 25
18 48 25
7 2 2
41 6 25
32 4 4
22 35 25
28 20 25
7 3 25
47 58 25
21 34 25
8 20 8
51 5 25
6 76
6 4 6
1 3 1
4 2 1
3 5 3
3 2 1
3 5 3
2 6 1
2 3 1
3 6 6
4 5 4
4 1 1
5 3 3
3 1 1
1 6 1
6 4 6
5 6 6
6 1 1
1 2 1
5 4 4
5 4 4
5 4 4
2 5 1
3 6 6
2 6 1
3 1 1
2 4 1
3 5 3
5 2 1
3 6 6
6 5 6
3 2 1
6 5 6
2 4 1
6 1 1
3 1 1
6 5 6
4 1 1
5 2 1
6 5 6
6 3 6
3 5 3
6 2 1
2 4 1
1 5 1
1 4 1
6 2 1
4 6 6
4 6 6
5 3 3
2 4 1
1 5 1
6 4 6
4 5 4
4 1 1
5 3 3
6 2 1
6 3 6
4 2 1
2 1 1
1 5 1
2 4 1
3 1 1
6 4 6
6 4 6
2 3 1
4 2 1
4 2 1
6 5 6
3 6 6
2 5 1
4 6 6
6 2 1
4 2 1
1 2 1
5 6 6
1 5 1
31 72
5 14 16
8 1 16
16 28 7
20 3 7
10 30 7
29 4 7
13 27 7
25 19 7
29 10 7
21 20 10
5 10 7
10 22 7
22 21 7
5 26 26
28 29 7
4 19 7
23 25 7
12 15 7
21 14 7
31 24 7
24 27 7
17 16 16
30 14 16
12 13 10
17 31 15
6 15 16
7 29 7
16 7 7
24 23 7
3 21 7
23 29 7
18 21 7
8 1 16
22 20 7
4 14 16
7 5 7
8 18 16
4 19 7
13 17 7
16 25 7
24 10 7
19 4 7
28 2 7
20 29 7
19 14 7
2 14 16
27 19 7
26 20 7
20 11 7
11 31 11
8 10 7
2 17 15
7 28 7
28 21 10
3 29 7
6 28 7
11 15 15
26 30 16
18 7 7
7 15 7
20 27 7
5 11 16
30 13 7
2 25 7
24 29 24
22 30 16
7 16 7
16 28 7
6 13 7
29 12 7
22 21 7
16 5 16
10 52
9 6 6
9 7 7
7 8 7
10 4 10
3 7 5
5 6 5
9 6 6
2 3 5
6 4 10
7 2 5
9 2 5
6 9 6
5 8 5
2 1 5
4 9 10
9 1 1
5 4 10
10 7 10
4 9 10
10 2 10
9 7 7
9 8 7
4 1 10
3 7 5
4 2 10
1 2 5
3 7 5
3 1 5
8 6 7
7 3 5
10 1 10
8 1 1
6 1 1
8 5 5
5 7 5
8 6 7
4 9 10
6 4 10
2 5 5
6 4 10
2 5 5
7 10 10
10 8 10
3 1 5
9 1 1
9 10 10
4 8 10
6 3 5
3 10 10
3 10 10
8 5 5
10 2 10
37 48
17 30 12
28 18 23
1 27 22
29 4 37
2 22 22
3 26 11
19 23 23
32 22 22
12 17 12
27 31 22
17 35 11
11 33 22
17 15 22
24 28 22
11 25 22
21 12 12
5 31 22
5 33 22
29 19 11
14 11 22
1 31 22
28 5 23
17 2 11
1 11 22
19 1 22
23 32 22
13 9 22
10 25 22
24 20 22
4 16 22
31 35 22
9 7 9
8 26 22
21 23 11
19 15 22
3 17 11
26 10 22
9 19 11
8 34 22
8 16 8
37 16 22
29 11 11
21 5 11
23 17 11
19 14 22
6 33 22
11 33 22
24 14 14
39 71
32 27 27
26 4 27
37 22 37
35 29 27
36 24 27
15 11 27
30 4 27
26 30 32
26 14 32
18 30 27
16 28 27
31 28 27
1 32 27
26 35 34
10 29 27
31 10 27
35 1 27
35 4 27
37 16 27
34 6 27
4 8 27
14 24 34
4 12 27
8 19 39
11 37 27
17 30 27
4 29 17
17 13 27
16 27 27
27 30 27
34 28 27
34 8 27
10 20 27
27 13 27
33 8 27
11 10 27
32 20 27
35 12 27
7 30 27
34 10 27
37 11 27
36 13 27
24 25 27
2 30 27
5 28 27
27 5 27
10 9 27
17 5 17
6 11 27
22 25 27
31 6 6
27 14 1
16 32 27
6 26 27
28 16 27
2 33 17
9 15 27
31 3 27
9 7 27
20 5 5
1 11 27
25 22 27
21 35 27
25 33 21
19 12 12
31 26 27
27 17 27
35 22 27
17 31 17
27 19 27
17 33 17
5 15
1 5 5
3 4 4
3 1 5
3 1 2
3 2 2
2 4 4
1 3 5
3 1 5
3 4 1
3 5 5
5 3 5
4 3 4
3 4 4
2 5 5
3 2 2
49 53
2 35 25
7 8 25
27 39 42
19 1 20
40 3 19
7 3 25
12 16 39
3 16 25
44 9 39
41 6 20
38 19 20
46 22 42
49 1 20
31 22 27
39 19 20
19 27 42
34 11 42
41 6 20
28 12 20
15 23 25
24 19 25
1 42 42
49 37 42
32 25 42
5 30 27
5 38 42
5 15 42
30 29 42
11 16 38
13 37 42
33 30 42
28 24 25
22 4 27
11 43 27
40 29 40
20 44 20
42 3 42
10 1 23
35 40 25
27 45 27
4 21 42
16 47 39
15 39 25
29 28 20
49 20 20
9 47 39
8 13 25
45 40 42
21 49 20
49 21 20
29 12 20
1 47 20
30 12 42
17 47
17 14 17
17 5 17
6 1 17
14 17 17
6 5 17
17 16 17
16 8 9
3 4 17
17 14 17
11 7 17
3 7 17
16 5 17
6 10 17
8 1 17
10 8 15
8 1 17
15 11 17
13 17 17
3 14 17
2 3 17
6 1 17
12 2 17
15 8 17
15 6 17
16 15 17
2 9 17
11 7 17
15 8 17
7 11 17
16 14 14
2 13 2
17 10 17
8 2 13
5 4 17
14 10 17
17 13 17
3 16 17
12 17 17
2 8 17
15 12 17
8 4 17
8 9 9
8 5 17
1 14 17
3 1 17
13 9 17
11 4 4
9 36
8 7 1
8 1 1
9 7 1
5 9 1
7 6 6
6 1 1
2 1 1
6 2 1
6 2 1
5 8 1
5 3 5
3 8 1
1 3 1
5 8 1
8 4 1
1 3 1
7 3 5
6 7 6
8 1 1
8 3 1
3 8 1
3 6 5
1 3 1
9 4 1
2 6 1
4 9 1
7 1 1
7 2 1
3 6 5
3 5 5
3 1 1
4 6 5
2 3 1
2 9 9
5 3 5
4 6 5
59 67
14 49 24
53 38 56
8 41 51
3 19 24
55 24 24
31 45 13
24 41 51
20 46 56
55 29 56
39 43 17
13 5 56
4 8 24
41 59 51
28 29 56
3 53 23
27 17 56
20 7 24
55 16 24
35 21 56
2 41 24
21 35 56
1 58 51
36 18 24
41 21 24
53 59 23
20 21 25
42 28 56
9 40 24
33 22 18
29 52 35
44 39 56
34 30 23
2 37 24
51 44 56
56 19 56
25 49 57
15 30 24
7 5 56
14 16 24
42 1 56
49 17 56
8 58 51
5 46 56
11 41 24
42 5 18
48 46 56
29 48 56
53 36 24
7 59 24
1 26 56
40 28 24
17 31 56
57 29 56
2 44 56
6 5 56
14 50 56
49 36 24
15 19 24
16 48 44
11 59 24
40 17 56
54 11 24
58 10 56
27 6 56
48 41 24
6 38 56
43 12 56
8 37
5 3 4
1 7 4
1 2 2
7 3 4
2 5 2
7 1 4
6 1 2
7 8 4
6 4 2
2 6 2
7 1 4
1 6 2
8 5 4
3 5 4
8 3 3
6 4 2
4 8 4
6 3 8
4 2 2
6 3 2
4 2 2
6 8 2
7 4 4
5 8 4
1 5 4
4 6 2
8 3 3
3 2 7
8 2 2
6 5 2
3 8 3
4 1 4
3 4 4
6 3 2
7 3 4
5 6 2
7 1 4
20 119
17 10 6
1 16 17
4 8 18
11 14 14
19 10 18
12 16 17
12 20 17
18 15 18
3 20 17
10 11 18
19 17 18
4 1 18
6 7 18
15 13 7
8 14 18
7 12 17
19 10 18
12 5 17
7 8 17
13 12 13
2 16 18
18 14 18
9 18 18
19 20 18
6 7 18
16 2 18
12 16 17
8 7 17
7 18 18
16 4 18
3 6 18
20 6 18
19 13 18
8 1 17
5 9 18
10 7 17
1 18 18
10 16 17
2 9 18
17 2 18
9 4 18
9 20 18
12 20 17
11 8 18
13 2 18
12 15 18
6 16 18
4 9 18
4 14 14
6 20 18
15 7 18
17 15 18
3 1 17
20 8 17
1 15 18
17 10 17
6 19 19
18 15 18
5 17 17
5 13 17
6 16 18
13 5 17
15 16 18
3 19 18
16 1 17
6 5 18
20 3 17
11 18 18
13 6 18
20 5 17
12 17 17
16 1 17
20 17 11
19 7 18
4 6 14
12 15 18
10 18 18
11 18 18
4 11 4
2 4 14
5 10 17
12 11 18
11 16 18
1 12 17
20 8 17
19 11 14
8 19 18
19 4 14
5 6 6
15 4 14
16 10 17
16 7 17
7 8 17
8 18 18
3 13 17
10 13 10
2 3 18
3 1 17
9 3 18
10 7 17
5 20 17
1 11 18
2 3 18
17 12 17
19 3 18
9 12 18
15 3 18
6 9 18
5 9 18
10 6 18
18 13 18
2 11 14
15 20 18
9 5 18
4 14 14
1 18 18
17 12 5
19 13 18
10 4 18
13 67
5 3 8
9 3 8
2 10 8
7 10 10
2 12 8
9 5 11
10 13 8
4 11 8
11 7 11
8 5 11
6 3 8
5 7 8
8 3 8
3 10 1
4 6 8
9 10 8
13 5 8
6 8 1
5 7 8
3 10 1
2 1 8
3 12 12
8 1 8
8 5 8
5 12 8
6 13 8
13 9 8
8 10 4
3 8 8
13 1 8
10 1 1
6 10 8
12 7 1
13 7 8
8 9 8
11 13 8
11 1 1
10 9 8
2 4 8
2 1 8
3 8 8
5 6 8
3 2 8
1 5 11
1 12 1
7 13 8
6 12 1
8 1 8
5 8 8
3 10 1
4 3 8
1 2 8
6 10 8
2 9 2
2 13 8
7 12 1
11 8 8
6 10 8
9 2 2
6 8 8
11 1 1
13 3 8
2 7 12
1 12 1
13 7 8
10 2 8
3 11 1
6 100
3 6 3
5 4 6
3 5 3
3 1 3
1 4 4
3 2 3
2 5 2
3 2 3
5 6 6
6 2 6
1 3 3
5 2 2
2 4 6
6 5 6
3 2 3
5 1 6
6 5 6
6 1 6
6 3 3
5 4 6
6 5 6
2 1 6
6 5 6
4 6 6
5 2 2
4 3 3
1 2 6
5 4 6
5 2 2
1 2 6
6 1 6
5 6 6
1 5 6
4 3 3
1 2 6
4 6 6
6 5 6
3 2 3
1 5 6
5 3 3
4 2 6
3 4 3
1 6 6
2 1 6
2 1 6
3 1 3
5 3 3
1 5 6
1 2 6
1 3 3
3 2 3
3 4 3
5 1 6
1 4 4
4 5 6
3 1 3
1 2 6
3 4 3
4 2 6
5 4 6
2 4 6
5 3 3
5 4 6
3 6 3
6 3 3
5 2 2
5 2 2
5 1 6
3 1 3
6 3 3
5 3 3
2 6 6
1 2 6
4 1 4
1 5 6
3 5 3
1 3 3
5 3 3
6 5 6
4 2 6
3 4 3
3 1 3
2 5 2
5 2 2
2 1 6
3 2 3
5 6 6
1 2 6
6 1 6
1 3 3
1 4 4
2 3 3
4 6 6
3 2 3
4 3 3
1 5 6
4 2 6
5 2 2
1 3 3
3 6 3
47 72
32 16 2
28 39 2
2 45 2
42 5 26
13 42 26
6 31 26
11 42 26
8 3 17
47 20 26
16 11 26
15 39 8
41 23 26
25 32 26
12 20 34
3 23 26
17 2 26
47 10 26
4 22 26
18 35 26
34 16 2
7 25 26
45 43 2
47 25 42
1 21 26
13 27 13
36 19 6
29 31 26
32 11 26
23 12 26
29 41 2
6 30 40
39 29 8
15 5 26
28 32 2
26 43 26
37 11 26
25 12 26
16 1 35
38 9 43
38 40 2
36 22 2
38 35 26
24 37 26
7 17 15
25 23 33
16 25 28
29 3 2
32 21 26
16 45 2
2 37 2
31 3 11
3 6 2
45 13 26
33 15 34
34 35 26
16 47 26
4 28 26
44 41 2
26 14 26
35 41 26
6 28 2
35 28 26
14 39 2
44 21 21
9 15 34
44 12 26
19 46 2
43 11 26
3 21 45
38 42 34
16 45 2
2 26 26
60 120
5 14 14
23 11 14
56 26 14
17 48 14
20 36 14
59 34 14
50 11 50
44 29 14
52 56 14
52 23 14
51 56 14
12 10 1
47 5 14
16 41 1
43 28 14
3 35 7
47 32 4
7 5 14
55 25 14
19 4 4
31 2 45
18 36 14
3 31 14
3 38 7
30 6 7
20 39 14
60 38 4
17 6 14
1 7 14
52 5 14
41 27 1
28 52 14
12 8 53
16 31 53
53 11 14
18 20 1
41 29 14
38 19 4
7 21 14
34 11 7
30 23 14
21 35 14
27 19 14
3 22 7
46 20 14
24 29 14
26 44 14
26 53 14
16 54 14
5 58 14
10 26 14
18 60 14
34 7 7
15 29 14
17 53 53
42 52 14
45 19 14
31 35 14
54 21 14
13 34 14
6 10 14
21 58 14
38 52 7
48 54 7
30 54 7
43 40 7
30 40 7
55 56 1
24 2 1
12 27 53
50 23 14
43 5 14
31 20 1
10 44 14
30 2 14
40 58 7
52 47 7
27 2 53
53 49 14
31 51 14
55 24 1
54 27 14
16 4 14
16 8 53
26 20 14
54 22 7
50 16 14
32 19 4
3 55 14
37 32 14
58 25 4
51 19 14
45 6 14
5 31 14
34 48 7
18 24 1
43 13 14
57 41 14
12 30 14
17 25 14
58 60 4
48 41 14
56 2 1
34 60 4
58 13 14
32 41 14
28 10 1
47 31 14
21 47 14
44 31 14
29 22 14
27 54 14
5 11 14
5 24 14
16 42 53
24 45 1
29 6 14
35 59 14
45 47 14
60 30 4
50 22
31 43 43
31 1 43
11 36 16
25 22 16
19 4 19
28 39 16
13 29 43
45 6 6
27 47 43
22 6 6
50 4 43
30 15 43
24 16 16
1 22 43
8 26 16
46 17 16
15 17 15
24 22 27
43 3 33
9 35 16
26 41 43
50 22 6
57 10
43 1 2
33 5 16
6 27 2
5 2 2
38 26 16
57 34 24
48 22 2
53 50 2
34 9 2
23 39 2
22 63
1 12 12
16 10 12
6 18 12
19 6 19
16 8 16
20 1 20
4 3 12
1 10 1
4 3 12
20 13 20
2 9 20
22 9 20
14 12 12
20 3 12
21 16 12
19 14 12
13 1 20
22 14 12
16 12 12
1 19 20
11 12 12
18 13 19
18 2 19
9 18 20
11 6 12
10 15 20
1 3 12
20 18 20
6 8 12
7 3 12
7 12 12
19 4 20
22 7 20
5 21 12
4 2 20
18 21 20
14 7 12
13 9 20
7 14 12
18 5 12
17 22 20
22 7 20
6 10 20
21 6 20
17 13 20
18 17 20
8 17 12
20 3 12
15 13 19
13 6 19
5 22 12
20 12 12
2 18 19
4 20 20
16 5 12
18 17 20
9 4 9
22 13 20
5 8 12
21 6 20
18 3 12
8 15 12
15 1 20
60 120
1 15 17
30 35 14
37 56 14
35 36 45
8 11 14
22 3 14
55 23 14
50 9 53
5 21 22
43 17 14
41 5 14
48 8 14
40 4 45
9 2 14
7 53 14
28 9 14
44 25 14
55 6 14
21 7 39
43 38 39
52 16 14
41 45 45
35 58 45
12 40 45
6 26 14
4 29 14
27 11 14
56 13 14
33 39 14
49 30 14
52 14 14
7 56 30
1 19 14
40 5 14
49 51 17
15 25 14
58 24 45
5 42 14
35 22 14
3 36 14
51 26 14
17 37 14
7 30 30
20 21 14
33 55 14
43 52 14
18 11 14
45 39 14
47 20 14
54 51 14
5 31 14
18 4 14
10 54 14
39 11 39
33 10 45
48 55 48
18 29 17
60 47 14
48 20 14
23 51 14
4 33 45
38 46 14
46 50 14
13 34 14
24 36 47
33 7 14
28 1 14
15 50 14
20 5 14
17 59 14
37 60 14
54 58 14
43 30 39
40 34 14
20 45 14
39 33 14
26 14 14
31 3 14
38 56 38
50 38 14
27 29 27
56 53 14
26 43 39
58 54 14
8 56 14
12 26 14
21 44 14
13 50 14
57 51 14
41 39 14
4 16 14
2 10 45
23 25 14
26 5 39
6 28 14
41 60 14
54 23 14
29 59 14
58 32 14
58 54 14
48 17 14
4 8 45
27 53 14
33 19 14
6 55 14
28 45 14
13 25 14
9 14 14
44 10 45
27 24 14
35 12 45
25 44 14
47 19 14
34 40 14
21 55 57
16 9 14
41 23 41
57 17 14
13 28 14
38 6 14
24 12
6 15 23
23 4 23
8 3 23
17 10 17
5 2 12
10 12 12
9 20 20
3 4 23
5 12 12
18 20 12
20 12 12
7 11 23
37 38
12 22 5
33 5 5
7 6 12
1 7 34
15 8 15
36 10 34
17 3 5
8 23 5
34 14 34
24 5 5
26 12 12
15 2 5
5 32 5
31 14 34
34 21 34
31 33 34
28 9 27
22 10 5
7 6 12
8 31 5
18 30 12
29 21 29
36 18 18
11 22 5
31 16 12
19 8 5
2 16 12
26 3 5
31 27 27
37 22 5
9 24 27
28 1 34
25 23 12
7 23 34
4 7 34
27 4 34
3 1 5
16 23 12
13 84
10 5 7
1 7 7
12 1 10
1 10 6
7 4 7
6 2 7
8 1 8
6 12 10
9 12 10
6 7 7
6 3 3
8 13 7
2 13 7
6 9 3
12 9 10
2 7 7
13 5 7
4 7 7
8 9 11
13 12 7
11 9 9
6 13 7
13 12 7
4 5 7
4 1 11
8 9 11
4 12 10
12 1 10
7 2 7
2 7 7
5 7 7
7 5 7
5 2 7
10 1 10
2 1 7
7 5 7
8 7 7
7 12 7
4 10 10
9 2 7
12 6 10
11 4 11
13 12 7
6 12 10
2 3 7
9 7 7
7 8 7
4 3 3
5 9 7
3 13 7
11 2 7
8 7 7
10 4 10
5 9 7
13 2 7
7 8 7
9 10 3
13 9 7
3 7 7
2 3 7
7 9 7
7 11 7
3 6 3
5 13 7
8 5 9
11 4 11
2 12 7
2 1 7
6 12 10
5 6 7
9 7 7
4 2 7
4 6 3
2 6 7
10 13 7
11 6 11
9 10 8
5 8 7
9 1 11
3 6 3
12 7 7
8 9 11
2 3 7
4 8 11
7 4
7 3 5
4 1 2
6 3 6
6 4 5
4 2
2 1 2
1 4 3
11 78
1 2 8
5 7 8
2 6 2
3 9 8
3 9 8
5 7 8
3 7 8
10 9 9
7 5 8
8 7 8
5 9 8
9 6 6
11 9 8
11 2 8
9 6 6
7 4 8
5 6 8
1 2 8
2 10 2
3 1 8
11 3 4
6 9 6
3 5 8
10 6 6
7 1 8
11 1 8
8 10 8
7 10 6
4 5 8
9 11 8
1 4 8
9 7 6
1 2 8
11 8 8
4 10 8
1 10 8
1 8 8
10 7 6
5 1 1
5 7 8
9 1 8
6 8 8
5 10 8
11 1 8
7 11 8
2 3 8
2 4 8
8 1 8
10 9 9
6 10 6
2 6 2
6 8 8
9 11 8
1 5 1
2 9 2
8 3 8
6 1 8
11 5 8
8 7 8
6 7 6
7 9 6
2 7 2
10 9 9
3 7 8
5 10 8
7 3 8
7 4 8
1 2 8
7 10 6
1 4 1
7 8 8
4 10 8
2 5 8
4 2 8
4 3 4
11 10 8
8 5 8
7 6 6
19 19
16 13 16
11 10 19
10 13 19
10 17 17
14 11 17
11 1 17
16 15 17
6 8 17
19 12 17
4 6 17
10 9 17
10 4 4
15 10 19
7 10 17
18 12 12
11 7 17
5 4 17
2 1 7
14 18 17
32 100
1 26 5
28 14 6
32 7 5
3 4 5
19 9 22
29 16 5
27 8 5
6 12 22
32 18 5
29 5 5
12 15 5
32 9 5
8 9 5
30 9 22
32 24 5
12 29 5
22 19 25
24 14 6
21 4 5
12 24 5
4 32 5
24 23 6
19 22 22
3 24 6
17 27 17
32 20 5
12 21 29
24 16 5
19 21 22
5 15 13
18 8 5
7 24 22
11 25 3
27 5 5
15 2 5
1 5 5
26 21 5
7 5 5
4 2 5
7 20 22
26 12 18
30 21 22
6 28 6
16 17 5
1 22 31
29 30 11
30 2 22
26 15 5
7 25 5
30 16 5
2 29 22
17 2 22
31 15 5
30 23 6
9 13 22
28 29 22
4 21 5
20 13 20
9 3 6
27 20 22
23 13 6
12 27 5
17 5 5
13 10 6
6 4 5
29 32 5
11 21 11
30 18 22
13 8 5
6 15 5
18 27 17
30 27 22
19 30 22
19 9 22
26 7 5
6 26 5
26 19 5
2 5 5
2 30 22
10 18 6
31 28 22
9 17 22
5 22 5
31 11 22
32 5 5
10 16 5
5 32 5
15 8 8
27 12 5
4 13 5
11 4 5
17 13 22
8 3 5
17 27 17
11 27 22
13 19 22
2 28 22
14 16 5
10 20 6
3 26 5
42 99
42 9 24
40 27 24
2 42 33
13 36 24
23 27 19
15 2 33
41 26 33
13 12 33
23 5 24
39 29 39
10 24 24
27 4 33
18 13 24
13 42 33
40 4 24
7 41 31
14 36 24
39 23 24
12 26 33
2 41 33
9 34 24
3 41 24
38 30 33
33 23 24
2 3 24
21 4 24
26 5 33
5 28 24
26 9 24
12 1 33
41 19 3
22 9 41
21 31 36
32 29 24
19 17 6
30 28 24
6 33 33
34 10 24
35 19 24
24 26 24
3 14 24
19 13 24
28 38 24
30 3 24
8 18 24
2 17 24
15 30 33
12 11 24
5 34 33
19 32 19
34 33 33
21 13 24
12 25 24
14 20 24
12 1 33
19 1 24
34 39 24
19 7 19
7 29 24
38 13 33
9 4 24
10 22 19
2 29 24
30 33 33
4 7 24
37 23 37
36 22 19
40 4 24
21 14 24
25 8 24
16 25 24
11 18 11
16 31 24
4 9 24
3 29 24
12 14 33
39 15 24
28 24 24
13 33 33
37 11 19
36 1 24
37 18 19
30 27 33
30 3 24
28 42 24
35 42 33
30 32 24
15 38 26
30 36 24
21 38 24
40 34 24
17 23 37
4 6 33
30 36 24
3 25 19
9 40 9
12 2 33
11 7 19
30 15 33
60 120
14 1 13
50 14 23
1 34 57
31 21 57
34 52 57
51 42 22
60 21 22
21 45 13
52 20 13
34 46 57
3 33 13
41 58 13
26 39 13
16 32 13
36 48 13
19 9 22
47 44 22
57 8 13
40 23 13
16 30 22
38 49 13
28 22 22
51 16 22
40 41 22
24 42 57
9 59 13
19 42 57
44 8 13
29 59 13
21 48 22
55 16 22
51 19 22
34 5 13
41 36 13
33 60 13
21 33 13
39 20 13
32 33 23
3 41 6
42 21 42
18 45 13
17 55 13
9 48 9
14 22 13
33 56 13
1 47 6
48 33 13
32 9 13
50 22 13
17 53 13
54 44 22
16 41 22
52 44 22
60 52 22
56 50 13
33 21 13
47 7 22
37 9 9
39 24 22
3 56 22
28 43 28
53 27 13
23 2 23
23 39 13
15 13 13
59 16 13
40 44 16
9 18 22
10 27 13
46 51 22
40 59 13
10 27 13
3 7 22
11 50 13
14 40 13
14 21 13
13 15 13
15 25 13
44 46 22
34 5 13
42 27 13
38 47 22
20 55 13
14 15 59
2 59 23
52 35 22
54 43 6
32 13 13
30 49 13
35 52 22
55 2 13
49 26 36
44 4 13
25 22 22
55 36 13
46 3 6
52 26 13
42 11 22
55 12 22
4 1 13
32 30 13
3 46 6
59 56 13
42 59 13
51 29 22
15 1 13
52 33 13
46 7 22
10 8 13
24 44 22
53 13 13
35 22 22
45 43 13
18 3 6
33 23 23
3 58 13
46 7 22
58 42 13
54 31 6
1 34 57
60 120
52 41 58
51 10 59
40 34 59
5 18 59
39 2 59
45 33 13
43 2 59
7 21 59
60 36 17
55 22 59
15 47 59
13 41 59
28 23 59
12 17 59
46 47 59
28 59 59
49 6 59
35 31 39
11 57 59
54 6 59
19 4 59
5 31 59
26 30 59
10 60 17
50 35 59
14 33 59
42 33 59
40 17 59
11 14 58
31 29 39
33 6 59
4 30 59
18 15 33
31 55 59
53 46 30
38 6 59
36 57 59
29 18 59
39 12 39
31 23 59
17 25 59
43 26 59
5 17 59
29 10 59
27 32 59
21 60 59
18 17 17
21 55 45
26 22 59
28 5 59
43 59 59
58 55 59
48 43 39
54 43 59
50 7 58
60 39 10
51 34 13
36 3 59
54 52 58
27 40 58
13 48 13
55 13 59
11 27 11
32 31 13
26 59 59
12 42 59
13 49 59
4 32 59
29 58 59
50 25 58
36 32 59
8 55 59
33 17 59
5 34 59
35 20 59
44 13 59
8 43 54
58 54 58
27 16 59
41 11 11
14 23 5
57 27 59
55 49 59
17 47 17
8 24 59
16 41 59
11 24 59
18 38 59
10 2 59
20 1 1
6 46 59
59 36 59
39 6 59
56 31 59
21 23 59
12 38 4
60 15 59
45 59 59
8 27 58
43 38 59
42 48 59
17 55 17
36 12 59
26 16 4
42 19 59
35 46 59
53 37 59
17 52 59
22 7 58
27 45 59
23 34 59
43 30 59
54 10 59
2 14 58
27 24 59
50 23 58
41 7 58
24 27 59
2 10 59
31 43 39
56 101
16 17 24
27 41 24
30 53 24
47 48 45
11 48 45
15 12 24
10 41 24
7 2 2
30 6 24
6 55 45
15 40 24
44 26 24
53 3 24
26 11 24
12 28 24
30 14 24
56 53 53
20 56 24
25 46 2
53 46 33
24 43 24
51 50 24
31 34 24
19 47 24
5 11 45
9 18 18
7 48 45
39 49 45
39 20 24
37 54 24
29 17 24
18 13 18
8 32 50
56 52 24
47 51 24
46 47 47
11 7 33
20 18 24
4 49 4
37 21 24
13 5 32
30 9 24
45 16 45
5 34 45
44 11 24
26 45 24
41 56 24
56 1 45
18 20 24
20 39 24
12 29 45
53 52 24
6 52 24
26 36 26
28 2 24
52 12 24
31 12 24
8 56 45
34 1 45
39 14 24
17 11 24
18 42 45
12 32 32
13 54 45
3 34 24
53 26 24
50 13 50
42 30 24
10 37 24
13 12 12
14 27 24
11 24 24
27 22 50
55 33 45
30 20 24
19 39 24
41 24 24
23 52 24
31 35 24
48 29 45
43 53 33
18 16 50
4 42 45
30 37 24
4 55 50
20 31 24
51 11 24
33 2 33
56 25 33
2 44 24
8 26 24
23 5 32
44 29 24
9 17 24
47 9 45
19 50 24
5 7 45
19 32 24
37 34 24
10 3 24
24 8 24
51 79
42 45 32
17 47 32
45 40 36
20 47 47
19 35 44
7 48 47
28 39 32
22 7 47
5 13 13
44 4 32
21 33 23
41 9 32
27 6 47
6 34 32
36 8 36
1 42 32
40 35 32
33 3 32
29 4 32
18 30 23
11 18 47
8 25 23
37 40 4
29 39 32
36 43 46
31 32 32
32 35 32
27 30 11
12 26 47
27 45 47
4 43 32
29 4 32
43 15 32
30 44 32
12 26 47
43 35 11
46 16 41
13 17 32
11 29 32
37 27 47
46 51 23
42 44 43
20 39 48
39 8 47
7 15 47
32 8 32
35 41 32
42 45 32
25 26 23
37 14 18
3 20 20
26 20 20
30 51 30
25 50 23
24 38 32
8 45 4
28 35 43
24 23 23
37 19 32
46 48 47
5 46 32
35 13 32
24 17 32
37 47 47
21 35 32
39 15 25
5 26 32
30 34 32
25 13 32
51 3 43
47 36 47
6 41 47
9 42 32
14 34 32
30 5 32
17 36 32
29 14 34
20 30 25
12 7 47
9 114
1 6 6
7 1 1
4 7 1
6 3 6
5 2 6
3 4 1
6 8 6
2 1 6
1 2 6
7 1 1
6 1 6
8 1 1
8 5 8
4 9 6
5 8 8
5 6 6
6 4 6
7 3 7
3 9 6
9 2 6
3 9 6
9 7 6
8 5 8
3 1 1
1 5 1
2 6 6
6 4 6
6 9 6
3 5 7
1 8 1
5 3 7
3 4 1
8 1 1
6 4 6
2 7 6
5 2 6
8 3 8
7 6 6
6 1 6
8 3 8
1 7 1
9 8 6
2 9 6
6 4 6
9 5 6
6 9 6
1 6 6
6 9 6
5 4 1
6 8 6
9 7 6
5 4 1
2 4 6
7 1 1
8 5 8
7 6 6
2 1 6
8 4 1
8 7 8
8 2 6
8 1 1
3 2 6
8 1 1
4 8 1
1 9 6
5 6 6
4 3 1
4 7 1
4 2 6
9 2 6
9 4 6
1 6 6
6 7 6
7 4 1
9 3 6
4 6 6
8 6 6
6 9 6
4 8 1
1 8 1
5 6 6
9 4 6
7 2 6
1 5 1
6 1 6
4 9 6
4 8 1
8 7 8
9 5 6
1 9 6
7 1 1
8 4 1
7 3 7
4 9 6
7 1 1
3 7 7
9 6 6
3 8 8
6 4 6
7 3 7
2 6 6
3 8 8
5 9 6
7 4 1
2 9 4
2 8 6
5 3 7
2 7 6
3 4 1
4 5 1
2 5 6
6 4 6
2 1 6
5 3 7
38 60
4 8 20
9 27 20
11 14 14
1 13 20
5 29 26
1 5 20
34 21 19
22 15 20
12 17 19
2 3 2
21 10 20
4 32 20
11 19 19
33 18 18
5 23 19
22 25 20
8 4 20
37 11 8
4 27 20
21 7 19
20 12 20
4 21 20
12 23 19
36 29 19
7 13 6
12 16 19
4 3 20
28 24 19
30 3 20
24 29 19
12 17 19
27 13 6
28 23 19
36 23 19
5 14 19
15 37 19
32 21 19
2 15 20
15 33 19
8 3 20
14 9 20
32 20 20
5 22 20
29 25 19
17 20 20
10 21 20
33 10 20
31 22 2
14 37 14
18 7 18
32 9 20
28 7 19
36 37 19
10 37 20
27 7 18
2 22 2
27 10 20
14 21 19
3 20 20
23 11 6
17 85
13 17 14
7 8 14
6 5 5
17 2 1
5 6 5
15 3 14
12 8 14
14 10 14
16 10 16
7 13 14
15 16 14
7 3 14
5 9 14
9 4 9
12 16 14
12 2 14
15 13 14
4 13 14
1 12 14
4 6 14
6 17 14
17 4 9
11 2 14
7 10 1
11 8 14
15 10 14
13 3 14
3 12 14
13 15 14
2 4 1
11 3 11
14 5 14
4 16 1
1 7 1
2 14 14
9 13 14
17 14 14
5 17 14
15 16 14
9 11 14
13 6 14
3 7 14
11 10 14
1 8 14
1 14 14
16 7 1
12 1 14
16 4 1
17 16 1
6 17 14
9 5 14
1 17 1
12 3 14
17 5 14
1 9 1
16 10 16
13 12 14
8 17 14
17 14 14
7 8 14
1 4 1
12 8 14
12 10 14
11 6 14
10 12 14
9 11 14
16 17 1
7 6 14
16 2 16
10 8 14
7 17 9
11 2 14
2 13 14
5 15 14
12 2 14
6 12 14
6 5 5
11 12 14
11 13 14
15 17 14
6 9 14
9 15 14
16 9 1
6 3 14
13 16 14
50 34
9 22 22
17 3 16
37 38 12
35 6 12
2 9 22
24 4 22
15 32 22
20 38 12
19 16 22
40 18 12
13 19 22
48 41 4
2 8 22
28 48 22
43 38 22
30 12 12
49 1 7
6 44 12
19 35 22
16 36 16
49 35 12
29 11 7
30 1 12
43 7 22
26 36 15
7 44 12
19 22 22
11 30 12
33 29 12
50 14 22
29 4 22
2 41 22
26 34 12
35 21 12
39 73
39 12 35
35 21 35
17 11 35
28 18 30
28 4 35
10 23 35
15 2 2
9 20 10
2 8 3
5 13 35
35 12 35
7 22 2
32 7 2
21 9 35
2 1 35
26 21 2
1 33 35
30 27 35
1 35 35
12 26 35
7 33 2
24 11 35
33 5 35
30 28 30
6 23 35
22 21 2
12 36 35
32 5 35
32 18 2
12 28 35
31 17 2
10 21 35
24 15 3
7 37 35
7 9 35
8 1 35
29 16 10
21 37 35
16 4 35
7 27 35
11 28 35
32 19 35
3 14 3
10 4 35
8 26 3
8 17 3
22 31 31
6 32 35
33 30 30
38 35 35
30 1 35
12 5 12
28 23 30
13 19 13
15 12 35
33 5 35
11 8 35
14 6 35
34 36 2
38 22 2
26 14 2
21 6 35
11 26 35
29 14 35
28 30 30
12 29 12
26 7 26
14 26 2
39 19 35
26 1 35
8 7 3
27 19 35
22 13 35
11 75
7 5 3
8 11 1
7 6 1
1 10 1
1 10 1
5 6 3
4 5 3
1 2 1
4 3 3
6 3 3
5 6 3
3 11 3
10 3 3
6 4 1
3 9 3
3 11 3
4 5 3
2 7 1
1 3 3
2 10 1
2 11 1
10 5 3
11 8 1
3 11 3
8 6 8
7 11 11
3 6 3
5 3 3
4 7 4
5 1 3
5 2 3
6 10 1
1 10 1
4 5 3
11 5 3
8 10 1
2 3 3
10 11 11
1 10 1
10 1 1
2 1 1
3 6 3
8 1 1
5 7 3
10 9 1
5 6 3
2 9 1
10 4 4
5 8 3
5 2 3
10 5 3
1 10 1
10 6 1
7 4 4
10 6 1
8 11 1
8 1 1
8 2 8
2 1 1
2 5 3
3 11 3
5 8 3
10 5 3
9 5 3
11 9 1
5 2 3
7 1 1
2 1 1
10 9 1
4 2 1
10 2 1
3 10 3
4 6 1
8 5 3
3 6 3
