200
34 4
28 31
28 22
26 23
32 40
13 7
30 13
23 20
34 23
24 41
30 4
2 50
11 27
21 10
18 21
44 10
21 12
4 24
43 37
24 40
45 36
41 13
38 2
30 37
13 4
5 23
14 24
29 37
6 47
26 3
26 5
30 18
27 3
50 13
49 8
8 17
47 10
27 8
46 1
32 5
6 20
38 9
16 3
22 17
40 4
34 32
2 1
42 48
35 10
33 25
10 49
40 21
6 43
42 7
25 20
24 14
23 23
26 20
11 40
27 49
49 43
16 33
11 16
20 30
41 29
48 18
48 33
2 45
26 42
12 49
37 12
34 26
40 17
44 35
47 26
14 11
28 35
46 18
48 36
10 41
33 7
9 16
34 34
6 49
26 15
32 7
10 28
5 21
41 41
39 41
17 33
12 35
28 30
28 11
42 9
13 37
34 7
39 28
22 38
18 3
40 11
44 14
47 38
20 21
25 23
11 37
46 9
17 14
16 35
50 48
9 17
11 5
42 10
30 30
43 16
7 31
20 2
14 18
28 42
4 2
16 17
41 46
31 1
45 13
2 18
42 31
20 50
9 9
5 25
16 16
31 19
43 19
48 37
24 50
5 5
16 2
15 11
7 6
47 9
33 30
12 30
50 50
28 3
34 11
19 23
26 29
46 22
48 15
12 48
40 5
36 37
29 31
38 16
20 22
50 25
21 48
29 24
34 25
28 24
3 9
35 9
18 29
37 37
31 26
38 25
30 40
12 45
17 6
42 14
43 15
47 24
16 49
24 2
28 2
2 28
35 26
31 45
37 47
3 36
24 13
11 6
44 8
41 6
25 1
46 15
49 24
34 39
43 4
27 18
31 48
39 32
17 31
48 4
34 17
25 50
6 32
14 8
7 17
5 49
38 46
